2072
2223
955
2085
4517
3958
3783
3467
4461
456
3503
2766
3961
1794
1405
1718
949
4866
3851
1840
4448
3886
4430
3981
3615
2894
4549
510
1546
4649
2139
2638
6
2580
3972
4177
4227
467
2465
546
570
606
3290
784
3990
355
1706
3281
3017
26
4885
2008
876
1370
1494
4084
847
1014
3703
880
270
3396
4569
3538
2949
4845
4290
295
3209
2164
2216
1902
313
2368
1116
4904
3685
3185
2915
2031
4719
3720
1329
628
1320
220
3819
1187
4721
3856
2683
4635
1043
1737
2732
3714
1486
4405
2463
1941
1150
409
4309
1273
3032
3520
2973
1452
4409
2020
4645
459
72
4484
2373
4545
4681
3524
195
4485
2621
3286
3854
393
3366
592
4588
1390
2630
4075
768
4671
3584
3079
15
3678
3984
3548
829
17
3723
549
3880
3811
2813
3107
1646
3321
3632
370
2445
1413
1128
877
2627
3676
3333
426
4862
4707
2532
1304
3386
861
4780
4228
2942
2462
4205
40
992
1639
4371
186
3220
3812
1319
2071
866
1823
2066
3576
4247
4159
2555
2429
4861
289
2846
4369
4206
3462
1038
189
2785
3271
4757
3443
4628
4703
1548
4314
531
2178
92
2078
2354
2536
3878
3618
1426
3199
2053
4650
2130
2644
598
781
4258
2171
2306
3138
4859
4559
2485
4991
1272
4811
194
941
448
1697
3265
540
471
2339
3274
2292
2677
2448
2377
4053
668
1313
4986
2868
2172
1948
4481
726
802
1739
3931
1091
3126
4511
2194
3440
3337
1609
1435
4871
1454
1758
3924
3031
1181
2697
3379
1176
2210
3130
2760
3659
3422
167
2098
4878
1617
3448
38
1983
529
3596
2168
3810
4992
4037
906
4432
174
4818
1414
3841
3045
2110
4824
3764
1029
4673
1075
4968
199
2467
3276
247
24
2143
155
3332
2692
2006
3919
383
2195
4359
3645
1218
1108
2831
2534
1252
4103
1226
1215
4909
1020
420
4134
4689
839
2428
4394
1382
3487
2099
2123
4876
4019
2184
3094
1558
4023
2498
1520
2259
3190
2881
4850
1730
3335
1513
2198
4013
2083
1824
3517
4464
3936
4458
2765
1637
3687
4711
4343
2820
4201
1112
1278
2163
2775
2748
975
2074
1248
1764
2700
1406
1570
793
1107
1463
1141
769
995
3461
2660
1274
3024
3493
2525
968
852
656
2384
2283
1347
935
2133
206
184
1897
4754
99
2397
516
1988
4591
4678
4892
783
3773
830
4012
3406
1667
4821
1356
3442
4320
4283
2446
4957
1421
4230
579
1411
1989
526
4376
4575
4742
2035
2018
405
4797
2169
4599
709
3251
4863
4930
2899
4009
1088
23
4722
1740
2564
4252
3102
2789
1363
1605
3580
4239
4718
2317
2281
1265
2451
266
2257
3928
1755
19
2346
4167
285
3055
1514
3908
3860
2375
4806
3787
2648
128
1659
4846
4886
2810
520
1932
1848
4510
80
302
1977
3283
810
1082
1342
3693
262
454
2699
205
1889
1940
551
2271
2540
1179
4690
2509
681
974
590
2724
4131
786
349
1870
4118
1485
2614
1766
3121
4101
4289
166
2583
2427
4272
1360
4638
3539
3078
475
704
3482
4538
3328
3468
4597
1614
4062
31
4666
326
3653
675
1780
1934
4912
3554
2260
3745
4071
4498
2961
4506
2273
1354
1926
4792
2595
4136
187
4925
329
1334
496
4074
2978
1560
1971
2363
659
3114
4356
3258
3694
2591
4973
3838
1673
1937
3762
3388
282
1719
1291
1267
1391
1959
3237
3782
4032
273
3884
2151
3038
4768
3398
4415
208
4470
2437
732
3923
246
3129
4303
3881
163
4740
3243
1376
2486
363
1432
2483
4882
4561
1462
3840
421
4808
1769
894
1943
3750
615
1909
2267
3134
2715
3206
4868
2013
2619
782
4858
3748
4328
4286
4507
372
4352
4331
4631
1170
209
3381
900
1789
895
439
4870
4700
2258
293
2787
4916
1026
1681
264
2387
3552
170
3934
288
2662
3021
3104
519
56
2615
4439
2048
2874
4067
4262
1725
558
11
244
3182
2468
1523
4558
4851
854
1950
693
1247
2441
666
1148
1444
3204
2355
1403
4288
3995
2345
1301
272
4268
958
4564
2310
4378
4022
1343
3892
4054
2285
787
4854
4815
1939
3557
423
1756
2117
2526
2311
4138
4983
4603
4905
1069
2424
658
1586
3901
2930
2489
2392
2338
4158
2650
1280
4901
4596
1792
1133
1266
2206
3325
2211
123
1016
1362
1350
3163
1551
2989
1696
3317
73
3944
912
1099
1283
4565
3904
4946
3741
3965
875
193
4937
3288
967
1900
1328
4090
4791
4281
2270
4945
2618
4222
2990
1496
2054
2324
2170
1549
3657
1154
2922
927
4129
1651
4276
530
2646
4005
585
2911
117
263
2889
4609
2185
4256
2666
1979
385
4122
3018
2472
1076
1030
493
2953
1398
3699
2034
2190
2976
96
4217
4066
2478
376
2704
1303
1774
939
1282
1677
883
3543
3611
893
3728
3302
1683
2265
3012
1817
887
4361
2518
1655
2971
4773
3902
4063
4608
890
1259
2851
432
3624
3788
66
4284
4974
4212
1050
3726
342
2876
2826
1232
2573
4497
2998
4617
2676
3392
3169
1598
464
1569
3088
4524
1717
1028
2315
4406
838
2432
2212
938
3575
4104
4006
4964
2037
2962
4192
3976
173
1704
4070
4975
1663
1294
4108
3729
325
1722
826
1716
560
4823
4190
4593
4085
177
414
2159
4784
1891
1998
2487
4652
4304
2589
629
886
2014
2155
3222
4392
1587
2137
305
127
2328
2907
4496
928
1345
1158
1525
2837
2986
4856
3938
2651
988
3994
3559
996
4873
368
1784
2842
392
3973
4659
4772
3365
727
1760
2158
3581
1531
4180
984
1006
4760
4226
1576
3480
1535
708
1527
961
390
2872
359
654
258
1867
2774
985
1874
2140
2936
1649
3569
2838
3430
2906
1047
4610
3180
624
505
944
3350
1995
3501
1986
1882
4386
500
2792
287
3746
1627
3620
3766
3957
3466
1443
2933
4147
2626
1838
1640
832
907
3076
3502
1005
4800
3152
4445
4736
2782
3474
3349
1749
4128
4920
591
873
3948
2672
2152
3363
21
4093
2678
4763
85
3573
1515
1299
1230
1490
259
3876
1434
1963
4877
739
535
2351
684
4366
3027
637
2901
1438
934
3355
3969
2652
466
2434
915
3329
458
3763
3816
1298
3486
183
994
3778
291
1920
4106
3334
3049
4324
2833
4737
2500
4817
1914
2607
4499
2132
3724
2522
1092
4077
2924
2926
304
3578
2753
3683
3508
78
3412
3247
3323
3730
1469
3633
3550
2624
3255
4519
4196
4923
1787
4443
3436
3758
1135
1816
1477
1238
1791
3316
1387
1790
2380
1599
3187
2530
4423
2873
2399
2475
1349
2515
3786
1636
1873
2512
759
1745
728
75
509
1055
218
4509
4855
4911
2094
4191
3373
275
1234
408
1893
2126
3147
115
2365
3771
217
2711
3098
2812
2793
718
4550
4928
3439
3057
4173
83
2495
3445
2254
1859
3565
4326
296
223
3690
4943
1674
2253
1386
4675
2796
2531
1344
954
2807
2443
1886
2481
4734
52
710
3158
2063
537
858
869
1828
481
1090
1622
4462
2326
4799
2127
1884
4531
1596
101
806
3588
84
2596
3610
518
3284
4804
754
2640
4896
1501
1449
1602
2847
3971
4676
3188
4907
2282
2885
3719
4658
3191
2951
3380
1235
2284
64
2824
1809
4058
3914
3432
1423
4171
4648
384
2264
2841
3737
1041
1094
539
1427
1306
2028
4391
95
1721
4161
476
2191
1193
45
1775
1589
2795
1965
2430
158
3165
2863
744
3774
976
4368
1692
1229
249
1751
771
4030
977
2984
1517
4941
4733
2575
4590
2218
2521
4471
3605
823
2234
3005
3943
983
720
1253
3364
1219
2081
1203
4536
642
660
1295
1208
4440
2918
98
4048
1271
3495
335
3754
842
4418
2856
1065
443
257
1615
478
2802
1720
4942
4651
3680
879
113
2571
1668
3483
4273
3513
2
4520
3951
4612
1216
4259
2385
1290
2674
375
1442
260
817
748
723
1573
4777
1554
813
2162
4570
3684
1457
1111
3761
4293
3895
2400
4482
1024
3831
4787
483
3937
308
4956
1660
4837
4587
1425
1584
758
3173
898
2836
1945
1120
2423
3598
2964
1503
1323
1419
645
3208
2931
4984
1822
559
1381
1213
4985
4503
692
3695
4527
564
2131
816
1574
2357
4563
427
3682
4442
241
179
2786
3906
4775
87
3023
2125
9
3672
583
3046
3940
2806
3654
4342
2560
396
1686
4897
4960
3608
3168
176
4796
4210
3721
2550
3089
2181
279
4092
2533
2235
3475
957
1314
3634
2535
1129
227
3377
4927
70
1864
1177
4910
4146
1676
2609
3297
4958
2313
856
2736
211
3459
2249
2398
3910
780
1371
989
294
1460
3887
3870
4701
487
3294
2816
1647
586
3252
4149
1927
1035
1508
137
3404
1504
1662
2943
4487
1487
820
1330
3662
716
1773
4055
239
3418
4199
578
843
164
647
3732
4832
4706
3178
3330
2404
1851
3564
1317
3174
1119
651
3452
3669
4822
1228
2319
2883
751
339
763
1712
2617
149
4155
969
1326
3246
3590
4571
597
251
1555
213
324
1302
4337
290
4007
42
1526
601
2743
4883
3175
274
1547
4712
4929
2431
3218
1938
4717
2091
1383
1958
552
4785
281
4842
4655
1855
2411
3184
851
1400
2551
1061
4411
569
3456
3074
4420
730
2570
778
3197
124
4383
65
1671
1620
3686
508
738
4620
4264
1408
3640
1309
172
1984
2778
1126
1863
908
3593
2655
4682
982
4728
350
3985
2298
1332
4966
1430
1171
3530
2977
4764
4848
2166
1185
3354
4825
2592
4900
2975
2449
990
204
3311
2205
2702
999
3731
2251
2938
4895
714
3998
55
801
1389
4715
3384
2477
1502
2395
1125
4626
2011
4349
3553
4881
4111
3868
1509
867
3394
4884
4398
51
2945
2742
1493
514
4172
1634
106
2726
4148
3674
3352
3806
2632
4370
1174
4179
3942
3641
4396
1361
485
436
3115
4560
2524
2566
808
1994
2290
3939
3010
2030
715
3232
4735
753
2925
1532
3804
71
4064
1416
2402
1412
807
61
2752
1146
2022
4473
3050
3133
480
1338
2828
3945
4755
1564
1507
3171
22
4486
2634
474
1857
4488
665
1451
4567
1743
2323
2598
2248
2389
2877
4552
3170
626
3087
3867
755
3809
1956
568
425
1145
3103
1604
3161
447
1489
4038
3156
3287
3757
2413
1618
871
4795
2161
2079
2822
691
3966
2364
2301
3988
2966
547
100
2895
216
4725
1064
1424
286
643
10
156
507
2268
2669
3920
97
972
1669
2056
207
966
479
1957
1796
337
1368
574
3572
3704
1834
4240
2902
3298
3527
222
2970
4747
3429
792
4340
1015
2482
4970
3709
486
4938
4310
1632
4756
4389
2866
1654
4495
406
4078
4888
4020
298
1827
2129
1595
3644
3085
1269
386
2442
4684
819
963
2723
4573
47
460
356
3064
4653
2305
4687
4534
2046
2007
3613
378
351
621
1723
3627
81
1348
1054
3471
2070
4465
2222
161
3056
4624
411
2928
4452
774
135
973
4636
2929
2629
2492
3798
3549
265
2122
3035
1025
77
1746
2612
1123
4936
4741
4234
212
1296
3393
515
16
299
2213
3314
2215
3022
2480
59
1978
1478
2001
2865
556
2860
93
4317
4150
3705
4872
4099
4441
4162
2372
1572
4726
2179
1522
3767
3201
2695
1695
3681
3485
4745
1653
413
1588
956
4913
3101
4730
922
2494
2024
1972
3239
1257
945
3002
3692
1970
2777
705
2613
1562
3128
683
256
2192
3416
4982
3794
3652
1134
450
445
4319
573
2415
4242
834
3799
4840
4076
283
1327
3293
2620
141
1624
1741
3545
136
2418
2980
4219
157
664
2679
3839
3733
1648
148
3305
1714
1250
2242
25
3706
3194
3154
1388
4595
1657
4325
3063
3235
685
48
4194
1124
4613
69
1904
4189
1103
911
422
4218
441
2408
1322
3717
571
3131
2461
1944
3066
3643
446
2658
4578
1456
3253
4566
3579
3492
821
4537
4132
1666
2111
702
3331
2611
4081
2923
1656
371
3001
1417
1830
1093
2300
884
3225
4339
3465
277
2854
2952
4403
1911
1495
1778
3226
2124
3227
4435
3296
1433
2023
4705
4978
2687
2849
4
2382
1057
1839
805
4555
3955
3813
2746
391
4601
4434
4489
4083
2114
37
232
1083
1985
3000
4750
3815
3964
4605
35
1635
901
1698
3229
2359
379
2663
923
3606
1568
3110
1955
2383
1136
921
1175
836
1246
322
380
4794
3604
4504
3603
4723
2747
3869
1039
2712
1701
3266
2447
2401
1395
1380
544
1402
192
2920
3852
4277
1949
428
3912
1445
1261
58
2295
1858
4047
4691
138
2741
623
2670
4388
1373
2857
4327
1777
303
330
2834
3980
2460
1951
4364
3322
2032
140
4551
3592
2347
2768
794
4478
3179
3677
1727
717
4014
4454
2682
3833
3431
4088
1942
449
3953
4542
2685
2003
2471
2269
1013
50
1131
2803
2288
2100
2142
4425
2458
697
2897
3071
3621
2202
2187
3646
703
2665
4040
2087
4156
2892
4639
3260
822
3712
3368
4381
1616
4999
785
2788
4483
221
433
1713
2553
3149
4178
1953
2154
2853
3755
3929
374
3389
2115
2811
1821
1450
538
2322
2586
4629
2649
4269
4615
1626
2291
4501
1227
3437
1008
4282
3655
4729
4257
1355
91
4972
2119
4010
653
307
619
3200
695
2497
3795
3529
1887
2370
3105
1183
2504
1240
3369
1300
4607
2435
2884
1287
1156
4490
1212
4889
1056
4535
4646
3629
417
1293
3019
3602
3141
3586
1455
4141
168
3537
4835
3826
4767
2767
3376
360
649
4098
2320
3143
1748
3505
224
3823
1898
2668
3616
627
2696
3095
4460
2896
2244
2671
1982
4059
1318
3765
2349
4546
1623
2093
1843
2064
2153
395
4305
2188
1641
4306
1353
2577
2507
4232
3617
4668
986
2196
4120
2329
2005
3343
1284
1074
60
1121
2684
2227
1744
502
4513
4139
795
318
292
1122
4758
1550
1912
3044
2588
4249
2542
1214
3241
4224
4294
4437
2913
4963
914
4841
950
2330
225
228
354
4847
2603
2252
1095
122
2474
2717
4336
2784
4407
2406
2888
4753
2287
525
3863
3140
3387
188
46
403
4311
4026
3030
2239
499
3153
4781
4301
3481
1163
86
1255
3651
3261
2941
582
3072
230
327
4727
4133
4358
4623
809
2102
1800
2493
4500
1802
1530
3630
4399
2120
3419
1137
1139
2939
4056
2730
1524
864
2563
4251
4438
3873
2734
2036
3528
3025
2870
4213
482
4995
3921
1947
4761
4640
3888
2174
959
271
3802
2541
4061
2256
3060
1070
2325
2517
3428
2513
3796
2250
2412
4151
953
1367
3979
863
469
373
2725
1687
489
4802
4261
4355
4574
4786
1012
4204
1933
4776
846
897
903
498
3256
3051
1734
1062
1753
3828
4073
1196
527
2044
418
3308
4297
3309
4449
1580
567
4602
4951
2002
3037
1812
231
3326
731
2908
3504
641
1866
1089
1195
120
4466
3968
1871
2060
74
4857
4043
1868
3623
3167
3790
4939
3713
1202
4028
3736
2297
2089
4933
4086
1447
4657
344
827
214
3137
3217
394
3242
686
4052
4967
1885
1967
3637
2369
674
776
4046
4427
581
3345
2554
4182
3531
4769
2749
3777
3614
4214
1987
465
1506
3361
1149
2356
3803
3862
1675
4357
2128
835
4034
1846
49
3119
3353
2706
740
4577
301
2690
881
2012
2886
4512
4453
3909
4830
561
575
1801
4820
4362
2981
1285
3635
2567
2559
4680
4089
1052
4917
2637
4801
4693
2914
4003
1209
1849
3157
937
2635
1642
2147
2921
1954
609
1186
2722
472
1685
3427
254
4011
1470
3367
54
2341
4446
1404
2062
1049
1819
2508
1757
2556
491
2476
4708
1396
729
1073
468
3609
1415
2606
528
1709
3081
361
4390
998
2708
1359
3963
699
492
3236
882
2844
3029
636
3566
457
4057
2086
4459
2797
139
4532
4298
1292
2538
3403
3993
733
4515
3858
2289
4965
3722
4585
33
2869
4630
1305
343
1308
494
331
524
4954
3850
197
1811
622
3526
943
1711
4102
3656
3591
3718
2709
632
2240
2661
121
4377
4961
4633
3918
412
978
4246
2821
2688
1072
3599
3738
3320
4915
4472
366
4849
490
4582
2543
3751
3666
2160
4195
2855
3600
3278
3974
713
3950
4919
2770
387
1578
4209
1071
3221
2241
332
4000
1924
2332
3224
4672
2830
3986
3164
543
1793
3512
3540
2750
1162
1153
4338
2224
3793
4382
917
4183
4004
1086
341
3507
3897
2502
648
4864
1779
3710
3891
237
151
3689
3715
2307
3970
1192
3464
1180
3825
3947
1032
419
3248
667
3999
1888
3042
791
461
4667
4580
4467
2642
1289
3371
4265
3776
1606
3061
2010
849
488
2156
3673
1472
2579
2839
3312
3339
4315
2898
3631
3460
1571
1243
4292
3004
3073
4312
696
3244
3454
3327
30
1063
3649
4375
1023
1401
2832
4627
4997
610
3198
1270
1585
2488
1799
2109
2118
1678
661
3859
770
4169
1710
3917
1312
3250
3916
1260
3124
2457
3378
2993
1418
3913
1392
2805
4254
1239
2440
3668
3272
1191
3444
1808
2144
1155
2045
4091
3476
3648
4932
3233
2362
2937
707
2134
3351
369
2055
3313
2950
1206
3415
4865
1201
3499
2769
1583
2809
1910
1559
1837
13
2516
1365
2228
1528
2934
2718
2578
2673
4001
238
952
4714
3585
1357
125
2255
1019
4270
1110
1557
1409
300
2068
1018
3739
2713
1464
2238
3801
2353
3382
3319
1033
682
1221
860
1960
202
725
2450
673
1700
68
1161
4996
4880
4321
2757
3516
4568
2394
1930
565
1000
1138
3374
1841
892
4479
1337
2840
4216
234
2469
2529
4606
3059
3166
2138
3040
67
3453
3358
3111
2233
1853
4529
3835
3555
4475
245
4918
1491
850
2909
2731
1694
3223
1890
3800
4100
2956
3861
603
3390
4408
1772
932
4869
3340
1788
3020
4278
3996
3162
1738
4834
4144
611
4335
1861
1690
4793
736
4105
2243
1795
3262
3315
3084
3697
2946
772
3451
2000
4474
3952
1702
4404
1436
2622
644
4783
4562
2628
3193
1629
1325
4316
1369
971
2505
4654
3183
233
3139
587
255
2764
1286
3660
3069
833
4350
1297
1205
435
14
1611
4450
2180
1582
1241
4308
1
746
1011
2182
3885
1040
3784
3108
634
4813
3127
4353
4397
1879
3962
333
777
1543
612
321
2574
2729
4463
1245
4831
1027
362
2350
4229
980
284
1966
182
4068
4031
2995
2041
3
4782
1518
635
4663
3249
1952
314
32
3484
3814
2337
542
3818
3563
4307
4414
4953
946
3470
1431
126
1046
2843
3240
2201
4400
1378
4604
1829
3450
1471
4121
4365
2716
2059
3536
743
1832
62
2390
4164
1178
1439
1168
4860
2581
2444
4699
4979
1080
1797
657
3048
2689
1907
3144
147
2425
1603
4770
2308
4697
3834
4731
4947
1114
1511
1483
4492
1545
4581
3067
2148
3106
2601
444
4716
742
4145
2763
2189
4110
1670
2610
1691
3099
3075
1217
3264
3568
4516
4187
2932
4367
3561
2602
2927
1537
4875
3845
2484
4447
4275
4186
3518
4334
604
3832
3117
4165
4015
2176
688
1204
2455
2957
4981
3344
1842
365
2761
2625
2917
2947
4476
3954
3213
323
4922
2616
3082
4632
4977
4181
3033
2864
2101
970
3522
4661
3768
440
2342
3203
677
3420
678
4914
1333
430
631
1783
2203
3853
4426
2893
3612
2751
548
185
4702
1336
2039
1224
2755
1552
243
4039
2417
3760
2075
3257
3514
2360
4502
1182
401
2416
2088
1262
541
2728
442
2294
2867
2208
1377
4751
913
2333
118
4619
2565
1645
3747
2875
3360
3567
2657
4828
2960
3587
4704
4778
3425
3189
2439
1410
1807
3177
4170
1928
545
4826
2992
4413
1087
1429
2916
434
2510
4322
3359
4096
3907
2804
1130
3011
1862
4345
477
2209
2948
909
1058
2705
630
4198
1105
4853
4127
4250
862
43
608
1231
4188
3083
3123
2065
4924
1500
672
34
679
4271
3122
3142
3925
4926
595
2940
1379
1990
3409
41
3711
4594
1684
1968
3192
779
3702
1159
1541
4521
2733
1251
3874
473
4809
4237
4518
865
429
4990
1631
2499
831
1916
2988
3622
1277
3749
662
2278
4253
1331
2997
1592
1825
4898
4267
229
1894
4665
367
3016
1665
2891
169
4838
902
2318
5
1002
1762
4611
1703
2116
2781
497
633
2576
4295
112
4819
3915
334
132
2858
948
3989
2236
588
2557
2861
2514
358
2903
1307
613
2827
1923
1166
1081
562
3583
711
3866
3511
4644
745
3245
2882
1878
3362
4494
4557
1813
4998
1973
4346
599
694
4143
3946
788
3299
144
152
4839
382
1880
364
3533
1281
4586
1211
698
991
4025
1022
4402
3982
3975
2772
3269
306
4746
2698
859
310
3052
868
2791
3490
3414
4491
993
495
1115
3132
4152
1750
3230
4072
1650
352
700
4637
29
1899
4600
4024
962
1258
2590
1021
803
3303
103
3215
2987
926
2296
4374
2983
1488
841
2381
104
2905
721
761
1538
2479
2042
825
1658
4477
1782
750
764
818
1680
3438
2177
1901
4952
3781
1915
240
3770
336
3263
3047
534
2374
3661
4674
2017
3817
1556
4579
4002
2393
1577
1759
2739
3688
4174
4807
3058
3700
4457
2783
2438
790
676
2433
1590
2096
4233
4372
594
3595
3829
3053
2061
3780
1936
4412
655
2214
1768
180
4528
1961
470
1731
3292
2200
1707
3877
2572
3346
1699
3068
2773
2303
452
3401
4344
3159
1798
1042
577
719
4125
2025
930
1747
752
4641
2528
4114
431
44
1385
3497
1474
2608
3842
3041
438
4263
2850
3577
3772
3956
2852
3488
4530
1484
3930
3743
712
614
593
3186
3097
4934
2738
3228
1098
765
2745
110
4211
102
2396
20
2082
3116
2105
2410
3625
3375
1771
1152
4456
4193
4119
2664
4433
920
3665
3196
3043
2076
1200
1806
2314
2878
1169
2965
2033
2959
1510
1160
3014
2547
4544
1883
3582
4130
3062
4576
1184
4094
1761
1393
1906
734
27
4685
4523
2955
2979
3395
2426
1263
3070
3977
4112
2040
3036
557
2149
4816
3109
1034
1113
3135
3779
1993
3205
3473
1233
407
2047
812
4291
1132
4505
3385
2599
3911
1479
4354
2825
116
3849
1079
1505
1847
3827
4197
1482
3310
706
2199
889
2643
2631
584
4493
2009
1101
3289
1992
4387
200
2304
669
253
4771
2204
1875
3498
357
2776
3295
3273
2727
39
2348
2887
1066
1835
3725
2409
2344
2737
3275
171
340
2954
235
3844
1009
4798
1905
3594
1189
4468
3096
2121
3113
2693
4157
4175
451
1729
3506
4266
572
2503
2539
3136
416
146
1633
3949
4225
964
252
53
910
2043
1144
1007
191
3034
3991
522
3864
1917
3875
1096
4779
3663
4692
2391
4341
3638
1220
4789
2466
1351
2473
1476
3120
2735
3978
3408
3458
119
2523
3407
2552
153
872
2703
2506
2537
2141
3927
3148
3933
2470
1708
4207
1804
1173
905
1892
210
3601
625
2511
2219
620
317
3195
2090
4634
2912
4424
2261
484
1980
2818
3421
4166
4244
311
2991
4614
3417
845
3151
4887
3903
1249
2145
550
1068
2985
181
3219
2681
1612
4724
1453
2405
3515
109
1480
1579
3535
2496
2302
3992
840
1689
506
4893
4696
2272
3960
3791
4021
4720
1459
4238
580
4950
2721
762
4069
1276
3341
1060
1473
3304
248
3397
3231
2097
2312
1814
1815
2386
4348
4748
108
4955
3941
1268
4041
143
3821
1165
3003
3898
389
1147
1763
1786
133
4739
3597
297
3740
4248
1672
4215
2104
503
3571
437
3477
814
4852
4428
1519
89
3356
2019
4126
3855
4236
2421
4670
4220
1732
3756
402
4329
2501
1497
1117
2221
4694
4115
3357
3433
3413
3285
2027
4738
4444
4042
2454
1199
2647
2848
3347
3558
2686
3882
885
165
105
131
2871
4906
512
1742
4664
2999
278
553
261
2779
377
2862
2246
1045
1991
4698
4539
965
1499
1619
4686
3080
162
114
2316
1785
800
4363
1127
3628
1440
3716
1254
1394
76
280
4679
1384
3889
1630
2548
4255
2623
4921
3411
316
3865
3399
3150
1437
1446
111
4060
1913
4969
1877
242
2247
2904
4065
555
2388
4027
4556
3735
3997
1607
3847
4656
63
3857
3160
2220
2958
4677
3820
90
3932
4526
904
2279
2366
4279
2157
2829
1566
2021
1157
2173
4168
1067
2656
1946
1106
618
2667
979
1031
2084
309
36
4543
3671
1335
1567
2762
1918
1974
4514
3805
1820
4642
3207
154
1264
3510
2544
315
3926
1512
1876
3523
533
3983
1591
1600
891
1407
2422
3544
940
3696
1865
4116
4049
2452
2935
4333
1475
2819
2968
3775
1223
4766
4260
2675
1869
1059
3446
3534
2817
1682
1625
190
4016
1999
4525
797
4743
3176
2275
348
3348
175
3054
2004
1919
4123
4417
933
1638
918
3028
1643
2691
3086
4540
4810
3009
4803
3008
1565
338
1003
2562
1256
4903
3525
747
4643
1190
888
2095
2653
4285
2714
4541
4241
899
3769
4993
267
724
2016
4302
1908
3822
94
2645
2230
3435
4223
1366
4879
2710
2453
3091
997
1996
2231
3707
1458
828
2790
1845
3145
2794
4688
1164
2568
2701
2890
2694
1810
4522
2165
1969
3214
3647
536
4962
2799
1529
1831
2135
3807
159
640
4208
8
1167
2150
1852
4948
981
4202
2299
4944
2335
1109
3789
4431
3307
617
2801
3342
3270
3383
4080
3336
2636
2167
1805
1726
3267
4899
1826
3424
4451
4035
1358
1921
328
3125
566
1104
3894
2106
4455
1236
799
1733
3006
3455
2276
4765
2407
388
3922
1492
2910
1311
1004
4589
2972
3268
896
3727
2720
129
1976
2520
1225
4891
1001
1339
4050
4709
1561
1975
607
4274
2226
1288
2229
2527
4017
4814
1661
1925
767
3238
1931
57
453
3280
3077
1803
4008
3372
250
134
3400
3639
2758
1172
2800
3410
1078
1850
3808
3546
3146
4547
936
1860
4045
3824
203
1935
2707
824
766
671
1420
400
789
2545
689
1315
4618
1364
4185
3405
196
410
756
3026
4384
4113
12
4245
1581
4660
501
1097
1728
1836
3496
1752
3664
2051
201
145
563
2175
3301
605
1854
2293
2639
4713
2358
2378
463
2859
4422
1279
2944
987
1533
2077
1597
2280
3871
3259
1553
4894
517
741
2371
4221
3542
3402
2367
1688
2464
1044
2996
1466
1593
3370
511
3282
4732
947
1844
1467
798
4548
2107
1903
4154
3753
1375
4296
874
2823
1613
916
3636
4419
760
3560
2352
690
1077
4762
1679
1321
4902
2058
2193
3547
4351
2594
1735
1765
1118
3441
4051
1102
4029
1188
4018
4142
4836
4109
4749
1037
4373
722
853
3792
1964
646
1833
320
2146
1922
3426
4844
3391
346
2336
1341
1575
3837
4323
3447
3848
1736
1010
3306
1872
2900
4313
424
1151
4079
3509
226
837
1542
381
415
3478
650
2798
2879
2585
3708
5000
2183
2334
3202
1818
3013
2558
554
1997
1085
3734
4330
4410
4987
1210
1324
4393
150
1242
1448
2277
3324
1340
18
3570
3562
2561
3234
4332
652
2103
4621
2641
600
3172
398
757
3883
1198
1036
2379
312
1017
3277
2266
4572
844
3959
4669
2262
1143
3900
4200
3212
3698
532
2309
513
397
4117
1237
3112
1465
142
1601
2050
3967
2754
1563
107
2604
4347
4480
1481
3279
4554
4940
737
1536
2605
2080
198
4421
4508
602
2659
2057
1881
796
2835
3658
3494
4097
4163
276
1644
3015
3843
3541
1929
2456
4710
1962
1084
2974
2015
1275
4695
576
2584
924
236
3291
749
4107
3532
1767
3670
3100
1724
931
4135
2808
1770
2026
4867
3216
1594
3872
4622
2490
3742
4044
1051
2587
3846
1346
1981
4395
4124
2549
4647
3472
4231
3759
28
3879
1399
4662
4989
347
4843
4592
775
4908
3469
2969
79
3491
3675
2321
942
3679
1468
2225
4401
804
4380
3211
4774
1498
1197
4318
815
4235
4280
2982
2092
3626
1896
404
4087
1374
1048
2263
3905
3338
2069
2343
353
638
1372
2759
7
4931
4980
1316
4744
3797
1610
4299
2232
2654
4469
1776
4036
178
4935
3551
4829
1534
215
2331
773
855
4243
2814
319
1222
455
2237
2459
1539
4625
4827
1053
4988
4971
3423
4153
3785
4379
3836
1441
2597
3701
2274
2744
1652
2491
2217
1194
4300
3489
951
2880
680
4584
3899
857
2519
82
4959
3744
3500
3830
1352
160
2073
3642
4429
88
504
3752
2680
639
960
2436
2327
399
3254
4137
2108
1244
1397
3449
2245
1781
878
3521
1856
4805
4184
1540
925
3065
2780
2029
1461
3691
130
219
2633
4833
596
1621
4553
4176
4140
4616
3607
2419
2197
2052
4752
1140
4949
2740
1754
1142
268
1100
4583
687
2286
616
521
4874
2112
3667
4994
4385
523
3556
2207
811
929
4160
2994
2113
4790
2919
1310
2600
4976
4788
1207
3181
4533
2376
1693
4436
1422
3463
3300
4759
919
3650
2067
3619
345
589
4416
1428
1544
3479
4598
2569
2403
1705
2963
4683
1516
3155
2420
4082
2136
3092
3890
3007
4203
4890
462
4812
3434
2756
4095
2845
670
1608
1715
2049
2186
3210
3039
2719
2340
3589
3090
1628
4287
3935
2815
3318
2546
1895
701
870
2038
3893
4033
3574
2414
3987
3118
2361
848
1521
3519
663
3457
2967
3093
3896
2771
4360
269
2582
735
2593
1664
