7624
5811
3413
4580
414
958
9821
9816
9053
8192
3613
4026
7529
5707
5394
4382
157
1566
685
701
738
6650
5808
8621
1439
9225
5877
2287
4747
2558
8392
4812
6376
3980
8546
8294
4804
2408
1751
2288
675
9335
9235
7852
9868
8755
1604
7455
4216
8130
4631
6594
6240
3890
8757
2684
4576
7584
740
2602
8277
9608
8619
9116
7704
2970
7631
732
730
705
706
3715
6211
8348
7869
8018
5977
4873
9351
6423
8976
7230
9000
5421
6918
5627
6390
1989
5258
3336
1825
9999
8604
1292
2143
3593
4976
1143
2925
8890
9156
2355
9363
3877
8819
1993
8248
5680
258
5786
5355
8596
6692
581
712
8452
9130
3705
4463
8788
5379
4857
2232
483
8530
5937
7639
9243
4565
4180
4728
8618
2335
2787
7549
7275
6526
8979
243
8859
6719
9669
9672
8245
4788
4955
8109
4472
4776
2964
185
8475
8713
3856
5193
4883
1419
8110
4388
4853
9337
7320
288
9217
990
7968
9842
2986
6920
6522
9164
8346
3678
9383
7597
7836
7827
2729
456
4753
9136
5915
2019
6687
5617
8135
7982
6311
6530
3259
2065
904
9261
4689
8495
7127
9159
3898
8928
6397
3270
1514
3738
1648
5625
1470
6842
6163
5575
9895
7718
5558
8677
1519
3450
1270
8225
341
8983
4492
3516
530
4316
4105
9368
1230
2903
6410
816
2427
7757
726
2146
4897
9152
6771
6349
3987
4609
9908
3929
1293
3027
7861
9987
5906
4685
2529
7029
2794
1159
673
2157
663
8441
2241
4809
8678
7506
8572
594
6773
9328
8045
1681
3558
8378
5655
5737
8243
8485
1108
9031
1980
3099
9971
4030
1392
50
6012
9232
6425
7406
7412
8345
3557
1527
193
4184
8165
2189
1197
6375
8666
1970
279
5010
8446
7236
6542
6560
8409
4465
4992
9484
5405
2220
37
4931
2969
9745
1277
1728
7632
4663
2991
8300
7211
2800
1986
3668
9519
7622
210
3456
7183
3115
6237
9412
3308
282
4086
948
3825
1625
2263
4767
3262
480
8594
7327
211
9313
7112
7420
6889
7457
4749
6534
473
3455
9835
6159
984
1161
3843
5727
3049
5158
9334
6795
1154
3695
771
2217
6335
405
8205
8377
9481
3784
1940
1819
797
1618
9837
6688
3595
4586
3013
7172
8156
9643
438
7550
1563
5847
4646
2249
6916
3836
1575
4064
1318
7069
8200
8527
2321
6936
1453
6626
4403
98
447
6955
6571
8812
4235
1184
9340
7513
1180
7804
2996
9321
2616
3229
9869
4937
2291
489
2629
2717
1545
3116
8423
821
1550
599
5004
2003
9496
1746
1335
3861
4416
729
9146
657
3084
6476
2077
1336
3433
6464
5934
4306
4149
2398
1080
3366
1349
3340
4278
4448
2443
1658
587
5932
1464
2502
6393
9778
6600
2353
2167
6550
9810
2814
9832
8856
7998
1396
2824
5313
8631
9579
7224
8510
7139
5543
6477
4230
6472
8950
8804
6209
3782
6606
1477
3541
6763
4714
2644
515
3177
7066
8651
7586
2223
218
9974
3348
4019
9710
6194
8652
694
3373
5874
8732
6232
1995
4186
9369
6718
6671
9028
179
6846
7271
197
7389
7579
781
2604
3040
6876
6883
4990
3353
5754
7972
6295
2633
3168
641
1656
8091
2228
7317
7981
406
7307
3926
3555
7092
7110
2836
2095
1954
9565
3918
3446
3663
5123
923
8462
4507
1907
3043
4717
8327
2075
1950
1141
4
5690
2202
1669
943
1129
972
5794
1337
5806
2409
8229
5228
9954
2150
2636
2690
1367
3778
4432
5207
3187
7563
524
5129
3725
5551
9417
7469
661
7380
3529
3053
8330
4816
1666
6633
8717
5321
2305
6445
4062
6305
5778
8974
8971
9468
950
1572
5353
813
1759
9650
4530
5758
9852
3936
3731
4315
9213
30
7713
2725
2583
7362
6757
1611
761
4715
3713
2759
6759
7721
351
7356
723
4574
7054
3997
3742
4310
292
8740
3827
2034
5253
9536
3103
1740
53
7571
51
4246
5599
2419
4981
365
384
7978
6791
6356
3385
3601
4260
2547
4383
9817
328
3525
9392
2973
3792
2562
2149
3840
9464
8171
6672
5002
2746
1236
388
7826
9045
6234
8487
44
6350
2282
229
8050
3425
332
1253
2046
3733
5210
608
9148
5180
479
5765
6992
9935
5219
8313
6414
4117
7610
1753
1561
8474
1890
4239
5870
1988
9894
8532
3042
8916
4940
6157
7503
9314
2430
1736
677
8973
2299
861
9712
8143
9032
5928
6005
8697
9081
7980
8261
1619
7661
8070
7151
3967
307
5366
6026
5991
2742
9790
7488
73
4251
396
6353
7557
230
4144
852
6662
749
2711
7841
8027
7583
2974
283
22
2163
2292
2936
4012
6605
4770
55
6818
8204
7033
4269
4636
8929
2153
7613
6145
5742
4380
4539
501
299
5415
935
3905
7664
9180
8676
6016
8186
8430
7167
9477
3777
7279
7934
6509
4204
552
2657
9240
9755
3642
5188
5364
4143
5826
9934
4653
9583
3886
8304
1117
8084
8060
6523
6018
3743
6328
8783
8039
1531
2505
8978
1066
2359
9479
2541
2170
6886
8975
2433
1783
4346
6033
7214
3101
8178
8772
6960
2507
2298
7811
7155
3603
1214
9228
4074
2817
5108
6347
8371
9222
1597
8760
4309
8671
7936
8490
6465
7594
364
755
5612
6394
3560
9332
320
9977
7300
9067
6439
2205
6297
6512
3329
3190
7235
9042
383
5039
992
4196
569
917
4513
3672
6517
5968
3150
2017
4957
3483
6655
9621
1554
8935
5075
303
3969
7101
8292
331
5413
9644
5453
563
356
1860
2831
104
2414
1885
5683
5240
8290
2296
4424
4623
6758
8321
2918
7056
2491
7643
5593
5876
3359
6993
5230
5237
9782
818
6321
3941
8590
1276
1043
1474
3943
7751
4095
6981
7186
6183
7784
2954
1703
4758
4381
1867
4831
1904
3225
2461
645
9193
2425
2923
6155
2235
5682
3261
106
3164
5760
4135
1099
2944
8034
1480
1602
2660
9978
4840
4921
3752
8391
2685
8463
9700
9381
8316
8805
5673
9923
9064
7903
8912
7876
4407
8994
1863
3363
9241
921
4364
6004
2662
2987
9358
1048
2131
161
785
3394
8589
9504
2164
6681
8360
8113
9553
306
6863
3571
4294
8986
4256
9055
5577
1486
4356
4452
4318
786
8145
7728
2415
8246
7731
4099
4504
9985
3917
6967
6728
116
1588
3655
8279
6854
1261
5256
2525
8086
9707
6986
4501
9077
4963
233
4863
6449
69
3419
6
1861
2332
3046
9127
6568
1568
6392
8603
6037
5898
1144
2030
4534
6937
8364
2977
8274
1107
1121
973
823
393
3002
3349
5218
5635
6616
4510
2010
3100
4067
4907
9758
6964
9026
1317
6709
2911
9389
6744
8878
7486
3930
6063
9812
7228
9804
3330
3388
7665
8259
8674
6017
9455
5703
4207
423
4947
9962
6092
6966
9788
6601
5043
5475
7919
247
6527
5907
6952
9606
4344
9932
9349
4488
9731
3273
6454
340
2388
5795
6058
7634
9809
8337
2943
1906
5371
591
9760
5459
1187
4966
2281
6421
5214
3044
2117
2152
5352
7377
8362
1741
9487
1686
1150
795
9374
7925
4079
1799
1987
6292
7153
5250
887
6899
7592
4835
1397
6943
3291
5865
2436
790
7957
7987
4212
2192
9345
8536
7707
6890
454
4228
4911
3469
5323
3282
9706
4040
6762
6938
9966
3032
2941
7719
40
5638
1592
6586
8786
7526
5139
3772
4308
4509
2219
8149
3443
5985
8402
2387
4232
7036
3110
8688
844
49
7527
885
5449
4735
7382
235
2849
7276
2066
3801
7840
9719
7778
8605
6611
624
2920
5468
4373
7984
3786
6450
1955
9410
5084
323
1263
4648
3513
88
1285
3378
8265
3155
5939
9020
410
7401
7212
8081
2575
4455
3438
4682
9208
8148
6097
5172
1693
4877
9002
7878
4740
1529
9038
3050
5446
4299
4789
7714
2244
1752
6828
1871
1612
2715
4942
3030
2338
2410
4163
6200
1306
3826
3807
2760
6034
1513
1802
5067
349
2655
5746
3671
9704
1269
354
5725
5057
1132
5324
1553
3925
2105
7598
9122
2848
4820
6979
977
4016
1372
3602
1878
1380
8267
6054
7364
2420
8271
3938
2289
9054
5548
2503
4575
7102
3633
318
5807
7910
3606
5029
8063
1786
1956
5509
6587
3637
4692
3408
6727
971
1538
3038
9815
8556
9746
1489
2314
2825
246
7590
2068
4103
4671
5141
8665
5735
8064
5961
2548
5600
6540
3365
2788
8447
295
4022
9472
4275
9682
6793
2701
9645
9524
2089
3864
9646
5700
6231
7662
9441
8
9140
8751
4009
1351
8023
6424
6109
1859
262
9592
1044
3567
4805
3264
4964
4535
998
3771
7575
7328
1251
8358
4524
2930
6514
84
1943
3437
3959
9555
5489
7532
1451
8541
8547
6469
8961
9574
9320
9735
5992
2072
6750
9546
8112
4640
8941
2272
5966
7021
4617
3395
6024
9703
1424
3463
1232
6210
9030
2942
3114
5367
203
8775
1382
8301
7
3033
7505
4579
7119
5124
8554
9920
7689
5048
8422
7924
8234
3226
2716
9718
5714
9291
1683
3750
9511
6810
3493
5587
2494
8401
5454
1927
622
3136
7561
57
936
3185
5120
3582
162
4954
551
9938
6316
9393
9289
7691
3393
8359
1216
4722
7568
4614
8119
4454
5340
4156
6080
8001
2764
5848
8843
8291
4924
6982
791
8024
6870
5740
1747
2693
8999
4428
6508
144
5059
2591
6463
2372
1800
5326
7635
7394
4752
1610
8965
1775
8771
3052
8861
9874
5365
4422
8073
6291
1762
1957
1627
4148
3196
8478
5581
3018
1673
9851
2699
5400
1894
420
2085
2569
5417
7249
9
415
3649
5283
9885
945
7038
9988
6122
6166
9454
9046
1137
9995
9037
4045
8832
6584
9405
6355
2769
4034
7042
1131
9062
9035
7310
1036
6345
6614
5722
8766
5187
8714
5410
8592
4313
5999
688
2110
1404
2855
4420
5653
4461
4482
7349
6855
4899
9843
4496
2939
2783
8515
6915
6781
982
1733
9121
523
1093
4564
9277
3676
2259
5646
3769
7396
1915
1401
570
6296
1019
3566
527
9535
7132
4502
822
5185
9204
5976
8160
9185
6679
3747
6749
8939
801
453
1452
8793
8293
108
8699
9260
3172
5319
7947
4817
6925
4486
2561
1852
6420
5469
3897
5828
2401
8868
7333
3624
7156
3636
3928
1194
5753
5887
5260
3406
5689
9134
1399
3392
7415
1324
4818
9197
7829
8455
8180
5252
9310
2722
1021
6148
1509
2273
9823
5456
596
8754
9402
6258
3666
9602
463
4712
404
4546
4123
4397
1377
4375
8266
3514
7451
7138
610
3758
8706
7233
2499
7336
2607
4635
6774
7467
7536
2669
6167
6248
8214
2451
4358
2001
5671
2382
5266
8155
3287
7923
9867
1233
9626
6124
9660
700
8553
1304
8069
6896
4900
401
6969
7645
6780
4732
1171
7966
7814
9905
4139
1816
6904
5290
1620
3
840
9237
869
3858
9236
8543
7493
6558
2118
7941
6207
1287
8095
6797
9476
3389
324
8712
1789
4709
545
3184
3546
17
636
2799
4171
2566
2919
8486
1842
1761
8533
6374
7331
7293
7470
9229
2455
7231
542
9173
6238
9113
9956
5768
2086
7653
769
5347
2156
5099
8995
2588
1264
2392
7781
5565
6869
1837
9502
8033
513
8610
6820
5289
6716
2697
4483
1075
6299
6089
5408
9713
660
7146
4998
5462
3377
7068
8344
2275
1352
2169
9573
2400
6699
2161
6176
4083
7002
6927
2511
3175
9465
7858
9143
8635
2565
8903
8645
3460
2049
4033
4371
3691
7698
2158
3788
8506
1818
3689
2424
1198
2628
8709
2013
1311
7588
6516
1084
5303
5226
646
820
5100
3228
650
3325
6495
4349
8721
9330
3420
5949
8317
1864
6651
1363
5102
7816
4905
5570
2786
3324
2185
6077
1919
1826
7090
9011
1164
9542
7368
8657
8476
739
5339
993
4121
8567
3916
6156
7609
7009
8481
268
5631
7303
8774
3091
181
8040
6198
2278
1183
2308
7985
3109
5137
5699
9695
1706
5282
8840
6327
5890
9115
9429
3153
9503
3988
9411
4374
8106
2194
4927
3547
3286
919
8341
629
5076
3188
1445
2623
9421
1395
7243
2810
8763
9311
8632
2187
3356
687
7964
1356
1378
5081
9505
2071
9283
8542
8544
9418
1037
5729
435
4370
8114
3608
495
7510
6083
7983
3135
6635
720
155
5389
1548
7810
1274
4226
3556
626
1199
3246
4177
4922
9740
8837
6676
485
6338
7992
417
428
2463
9545
1870
3342
2267
9655
6381
5859
7587
3981
2894
2948
260
8102
4446
8254
5521
5419
5174
798
1710
6933
4158
4272
6788
612
2883
5422
808
3737
7193
1458
3068
7754
1204
5895
9420
128
8512
8836
9792
4822
5428
6249
5398
2285
3534
9513
6090
4610
5247
5744
3882
8184
1294
8041
8181
2785
4330
1120
4662
8077
8913
7715
9839
2112
5641
426
586
3062
9734
8488
2734
8539
4676
7839
3530
1175
2521
4667
5217
2762
9957
4645
4392
6661
3654
2979
8830
1504
1162
4779
8053
239
9558
9944
3640
334
3131
240
9017
4868
6726
4098
1482
5880
4193
2435
3278
9693
7450
4354
8829
1636
9728
379
2773
3271
8628
598
9822
1552
7524
6663
8111
9587
6466
5878
8451
2906
6971
6761
2682
1983
4451
5833
953
8469
5621
6914
2246
7266
544
2177
1307
3255
4048
1235
6844
2670
1851
2439
1930
5014
3860
1918
884
1064
6801
4802
9001
2912
6589
2992
7269
5507
3338
9425
5483
9493
3494
6467
3060
5248
1167
7076
697
8623
5679
5149
5268
2493
1805
5255
559
2826
368
3411
4311
9791
8880
5458
4377
1941
9591
8238
6743
8550
8932
4120
5017
4447
9416
1091
1271
3604
8380
4386
310
6078
8679
9800
8213
2015
2945
4018
7740
496
3899
9663
9175
4772
1466
4566
6144
617
8725
3690
3716
4918
381
378
4622
4145
7227
7041
7107
6835
6223
9384
1672
8232
2462
5440
7345
2530
6161
7253
941
8629
4894
5269
6732
5718
6137
8854
4756
5535
9575
7850
9003
1874
5157
5015
9082
9952
9683
5062
807
668
5853
8691
9249
918
7589
1662
5649
848
9019
1944
9981
5515
2484
5860
6624
5633
9060
2563
2732
7764
1173
6695
8162
1275
7928
7449
7501
3216
3126
7712
2053
9424
8085
6531
628
1616
8133
2917
1177
7164
810
3503
6269
1340
6752
8454
4376
876
1013
8822
3537
6446
5436
4101
4724
3074
7337
5573
830
6881
6675
2728
6285
4203
6332
1754
130
2665
6336
6648
8426
2526
7152
5335
6845
7222
4827
1630
413
2538
7297
6760
9308
9538
631
1691
6002
6965
6970
5479
6767
5
4984
4058
7696
7000
8869
3327
6488
2413
4167
504
886
1952
1321
1838
1422
1997
2748
2852
5046
343
9255
7750
5199
8896
2637
6784
7442
6535
9532
907
4834
5905
4959
4398
644
3240
7747
9214
3776
7414
825
6256
6457
4312
8496
6452
6932
5661
6380
2702
5669
6686
5411
3397
7671
7304
6001
1440
5545
5229
954
5448
6196
180
690
6985
1914
5205
3650
6939
3468
937
1009
6823
70
3574
6669
5508
6831
7808
493
4782
9380
2803
8700
5478
5148
7250
654
4705
5780
9174
607
3376
9105
7477
576
1022
1770
5776
4434
3575
585
6440
2808
7430
12
7862
6456
6202
898
8746
6127
8888
2865
9230
516
71
5677
2038
5362
633
99
5996
3448
3227
8936
380
2025
8834
9414
2802
3867
2368
8548
2341
9413
528
2310
9272
3838
3949
1510
7825
905
767
2679
359
3910
1191
1858
8844
3995
6378
500
94
7844
1296
484
3440
6805
19
5862
1391
5231
6040
6772
8545
134
525
4825
3763
5755
3222
3157
8007
7374
4741
3332
707
5542
8833
2294
6879
3466
6036
773
5132
9814
8942
5463
5979
621
7669
350
1245
1899
5944
7265
1153
3562
7770
7886
2111
1444
9296
7289
1400
4014
3258
5457
3123
9584
4704
151
9806
7921
9447
2316
5444
1639
4338
1098
9808
2343
5296
2256
794
8051
7059
5054
2237
6185
412
3862
1434
5257
3823
5024
9666
4865
5376
2590
21
189
138
8489
5309
6813
9670
8016
5404
4138
6408
418
557
5150
6149
5869
4914
592
1081
6621
1938
2374
1560
2982
6339
8853
7007
1912
369
787
4726
4536
8898
1690
4764
1190
7786
5118
9924
4815
719
627
2344
980
226
3201
2351
8190
4094
7491
3047
3000
3058
768
1369
3975
3540
6976
7542
8646
9629
3439
1820
3165
4118
1719
9144
1010
5125
7555
6544
7655
8394
7348
5190
6264
2544
9110
618
642
3797
2928
8338
3802
6618
6396
6827
6352
4948
7252
3337
3950
5520
9539
3674
2188
2641
7478
7393
4264
2475
1951
2489
8857
4695
2870
6189
2889
9897
4858
1496
5982
2652
9350
6322
9638
421
1279
2731
2198
113
5901
3527
6134
5645
9203
3467
7620
6562
8473
8636
6598
4841
6282
6402
912
9726
4410
6451
8285
3591
4761
3868
6563
7386
2895
1873
505
3919
3214
1879
774
5097
512
6836
897
7636
6177
5246
3292
1577
2820
1208
5021
7083
6139
339
74
5409
2467
5588
1661
6853
3148
5131
3106
7372
6895
8152
7706
5908
6039
5114
6315
2885
5592
244
911
9550
3276
469
419
9070
9339
2963
6954
7476
1460
1717
5835
2193
9581
9768
4337
5452
3543
6968
8885
1688
579
522
87
5974
7929
7890
2687
2048
5818
6387
4743
2306
7159
9517
4733
5287
7741
5373
8577
5785
4766
4047
4578
7546
7074
5035
7163
3346
8720
6707
317
8129
3104
8609
4874
8794
1714
6441
8535
588
6225
9732
4760
3811
6857
9186
9315
6404
736
1203
7710
1272
5378
3199
1478
1138
1322
2940
7099
4224
5597
4932
7037
6987
1012
2779
8263
2543
7807
5262
7294
8090
1286
834
1426
7306
9008
6061
9819
5622
2676
679
4949
4517
2606
5817
3386
4673
4150
9615
5273
5163
3623
699
7171
1057
8459
2268
727
251
4208
8177
3511
9627
2791
3475
8013
3848
7040
9779
6113
9422
5307
8825
2186
7122
3907
4583
8241
6546
8289
4063
8626
3209
6348
7733
468
1533
213
3709
270
5011
9491
3218
1319
8726
5429
1877
9609
9651
174
7601
7137
1540
7859
2099
6609
5168
4305
5265
2125
1346
9941
6841
1178
4651
1796
7627
8347
3303
1959
1348
5243
2613
2423
90
8350
9635
7942
9034
9937
4032
3492
5074
7700
4855
3922
8997
7234
5950
115
9572
1417
1774
237
7657
9984
1576
8687
1025
8826
8067
8068
4199
2367
3474
2721
427
2050
6685
4641
3983
5837
1607
7939
6815
442
2572
7360
7201
3954
8858
3729
9845
3402
7429
9158
8641
7762
3421
8661
2574
8219
3344
1068
13
4511
4999
9342
8537
9847
4236
3796
3390
981
6505
8953
9327
6498
2937
5280
1902
5882
1062
9604
188
8509
1581
5013
8731
225
7351
6602
1168
1140
5823
1011
2261
8606
9625
3957
8164
6453
9637
3295
4336
4179
6329
3274
7626
4493
41
718
5055
5762
9813
5984
9998
8268
716
366
4755
6787
7128
7140
2406
7838
9661
6290
4005
3664
8467
9668
8685
3653
1360
5424
9744
4975
154
3551
3473
3859
8970
5051
490
759
871
3512
9588
7341
3238
5493
4409
120
8575
2130
4979
2109
2955
8715
9749
5284
6905
9611
9305
8894
1325
4869
5854
5044
9618
121
2698
9582
9829
5751
4334
8707
6250
8967
1219
1685
3854
5970
3158
4347
8470
152
547
5061
4518
2958
5562
5608
4710
4557
9137
2448
9123
6415
8516
9975
1794
5914
2666
2765
6265
1034
7961
1228
4600
6697
7200
571
6239
8655
7197
9878
6303
238
6294
9922
5473
4928
4628
4661
8211
3787
308
952
6471
3173
9450
7113
789
3913
6458
8421
6459
1923
9287
9523
1543
6547
5849
4154
5863
5500
7518
856
6443
1953
7531
1072
5397
7134
4864
1936
5946
7373
8224
9520
198
6229
3953
1246
1179
6580
3706
4499
1857
3810
7067
9443
2370
4069
3578
9086
6302
7178
7078
2874
9776
6370
1812
2495
4092
3510
9925
2094
6898
5356
3564
511
526
4727
5474
3127
8815
9594
7606
2985
7108
3313
2404
8743
1040
3921
6123
6422
7480
7623
7895
1239
5106
2523
2807
4559
6105
3855
8247
3751
1213
9428
269
7552
1934
7515
231
1570
9515
8082
1772
9058
5875
4824
3037
7081
2647
9929
58
3066
4491
4242
2468
8319
1467
5912
3144
4655
2864
248
4994
670
9543
7666
8972
4140
8865
8718
6280
429
4620
9780
5495
5122
7432
7954
9856
1855
9599
5091
9080
1544
6117
352
9248
7073
7798
6426
4612
3639
2140
9182
9333
7334
776
6683
143
7088
7215
656
9404
6323
6455
702
1731
5407
8559
1784
3849
535
5651
722
4803
2302
1769
1055
683
7806
845
3063
6824
9569
6418
1227
7795
8078
7853
575
3612
9769
7131
5802
6293
2087
5916
9497
819
659
1110
9012
1174
1126
9462
6698
5922
5688
2896
4520
9495
3010
1358
7994
6382
6160
1813
8311
9302
5989
6691
4775
2608
445
3835
4023
8208
6216
6577
1712
8992
6908
8128
3679
8831
3300
7891
389
6101
2098
704
7788
7500
9859
9284
6858
8741
9951
7472
8660
8642
7180
3927
9268
9395
8273
4987
6281
6947
8255
5117
6125
4254
5513
8850
6997
3423
5972
2709
3245
7769
2231
9694
9106
9431
7723
2239
2138
4968
4245
5375
9747
8269
1776
5194
1500
1113
8930
3230
6888
2029
3217
2659
8851
8742
8917
9857
252
1237
6658
1709
176
5406
5702
6620
8093
8231
2718
1590
5306
8437
3609
4750
7482
2206
8363
3834
2090
9571
1207
2686
2560
5988
5919
3326
4280
9247
4481
4729
9911
2434
8066
2621
8508
5431
3364
1963
9095
7497
245
1715
7541
3290
9018
1766
6588
6135
8236
7075
8588
3235
9223
5077
254
1798
2695
974
8298
1522
9280
4108
7322
2250
7465
8864
7428
8339
9936
8009
6565
1810
2872
4679
7408
9056
9636
4367
2949
7205
1085
6326
4607
8807
5019
8919
764
2214
4247
3045
865
8174
9073
903
3500
3505
7118
79
1674
9300
6066
5986
4801
3610
8791
7114
6055
148
6197
6730
5312
2175
1564
5759
395
3410
7221
553
4773
4945
8704
6713
4786
5838
4919
2691
4721
8000
8491
5978
6014
4562
4028
601
7281
4379
2887
6585
7909
9576
4162
572
6428
7948
8418
4950
1155
2380
214
7558
4453
8501
8762
5455
1497
6991
3167
1181
3075
9488
4192
6603
9909
6110
2280
7683
3223
3852
8280
1092
2738
1567
8008
4292
538
2630
8808
9179
2704
7969
8442
403
3538
3293
1629
4666
9772
7843
4608
8065
4181
5368
1386
8342
8170
5050
8031
2846
6928
5030
6165
8386
2851
2625
1966
344
8099
6734
7492
4219
5328
3422
8613
8158
9348
1255
8560
164
6735
6434
1280
7791
9850
9485
9657
1283
5578
7096
6630
9303
9256
4438
2057
5793
9109
2904
6521
4479
8686
5502
1782
520
9737
6042
7819
9432
9396
8881
1643
5973
3193
6383
7892
532
6405
2828
5626
7185
7633
4748
232
1578
5251
8398
7746
7237
7453
5070
1268
196
6337
6748
9500
3665
3876
891
9914
6907
194
2045
5918
4215
7061
4943
7935
65
4677
4674
8276
3524
9263
4563
1225
2833
5609
6366
1289
3933
6262
4988
4793
2766
999
8038
1045
8406
2182
6241
6680
2313
2515
7697
4385
4807
6778
7809
2052
8931
9452
2708
8103
2827
3956
7169
6575
3065
8799
7168
3914
1865
8828
9044
995
1797
9853
4013
2173
5998
4187
3588
9084
1202
3881
8253
357
1042
7834
4568
3484
9789
7962
2535
7521
1354
478
6341
4025
6660
6218
7538
4494
1888
4930
9097
2328
7123
9059
6503
2797
8780
8955
7418
6644
6792
9509
5276
7311
5867
3307
6102
2196
5864
2055
7012
6897
6892
6922
8900
3140
7687
4768
6736
2218
291
3441
1853
4532
4136
6944
6389
3518
2122
2123
6478
5037
3236
1338
6119
510
375
8806
4476
7512
5196
2452
8601
1757
5018
9366
4084
2056
3561
5133
7913
4214
6364
3477
3871
8654
96
4811
1310
8025
709
5026
3242
6180
8302
1830
7880
5466
9253
7174
537
4657
3896
554
2510
3638
2378
78
2478
4161
9943
4417
1594
9066
5295
9386
6629
9993
9687
7435
7196
7292
131
3911
1982
9752
6809
147
9365
3375
5681
4442
682
8698
2005
4878
8905
8433
4529
7943
9092
2026
8790
7464
6715
5186
4978
8855
4644
4960
5897
3781
3952
1811
8785
2750
4249
3945
7600
8948
7098
9319
4053
407
6409
422
7170
3237
4444
2947
5540
2754
2171
1675
2366
784
1423
9336
1498
9833
800
491
5797
3247
1243
987
5467
3805
5953
7708
7883
9653
7116
209
9344
7050
5116
6010
3661
3735
111
3102
5868
150
1295
6989
1260
5209
2878
9970
1094
1088
3629
6875
3138
3866
2694
4125
2959
9202
760
5632
1258
7371
6615
2705
8117
8244
9216
8222
3662
6325
960
6721
978
160
216
3180
3549
5813
221
6431
9906
7315
2482
4164
611
3844
2741
4934
1697
9353
9014
7034
3779
2713
86
3966
7916
4757
731
4656
1038
3727
4870
7566
6342
1631
9564
1880
3354
9530
8384
4190
5935
8413
8908
3017
9293
584
6790
3744
6941
7238
9357
4233
9986
8373
2598
1374
653
7672
3986
3972
8911
603
8198
7454
7095
2845
2212
6995
3520
4691
2854
9089
6821
1371
8019
9828
4706
983
1343
9775
8801
7111
2902
2403
7022
5274
7660
1487
2524
7366
3711
5769
6084
4082
2002
6071
7383
9154
1699
3944
4277
1410
1030
9466
107
8089
9648
6193
8662
9400
9426
9877
4730
9534
3204
2381
2557
696
4720
9359
3159
3208
3334
9598
4339
8502
2258
2216
7206
5809
9433
7694
6704
5336
3641
101
1172
4073
3057
2352
8288
9379
6826
4746
2500
6028
3462
9399
6983
145
7545
914
8969
3321
5320
9112
264
5377
5314
319
2850
6082
9786
509
2905
8650
4686
6131
2861
7897
4085
7397
9100
9677
7603
6729
5643
4933
5595
7917
6659
1886
2208
3457
8307
1929
9385
6664
2922
4638
9076
9699
4104
2016
7257
1744
4252
4057
8477
129
6674
9601
6632
4061
6013
3490
5904
8581
5161
5670
5642
3251
1876
7847
3521
9522
8083
639
6566
7259
6654
4323
2361
89
1641
2671
9633
1962
5098
2739
6442
8937
4515
8021
2751
8773
7792
271
2253
8957
1596
7932
4112
7815
8860
1615
925
5450
6923
6910
3192
1267
9486
2612
6712
8493
7246
3631
5981
5058
6613
5948
2014
5396
1521
744
7229
385
7940
1579
3143
9005
741
370
6436
7181
3211
3923
1670
5925
4066
7976
1339
634
3471
7011
5005
7871
3004
8980
6111
573
2796
6539
7260
8335
2595
5200
5767
6753
8201
377
8849
5275
7553
8782
756
448
3028
9373
1457
7618
9343
8522
9696
3360
7543
969
6487
7619
1939
6057
8511
8286
1290
3968
7649
7736
9826
222
3740
4335
5036
3181
4011
6206
5569
652
6115
5093
7846
3023
7874
9285
531
5654
9352
9960
7413
3699
9773
6108
6742
986
1536
2274
2254
9147
3901
5743
6074
9527
3089
7375
1309
4197
9269
5639
7967
35
7135
6794
7564
541
4781
6737
5857
7447
2115
4321
4596
5065
8196
7298
9910
6667
5896
4445
913
6800
2093
1947
6022
119
6711
7693
5956
6502
285
8017
8404
8029
4659
5662
6649
5009
474
2240
8368
8904
9733
432
7797
7479
6819
2490
7423
8673
9628
5664
9273
8284
132
1273
1002
1844
8072
2553
6850
7688
5016
8658
8578
8637
2642
4642
7973
5083
8372
4429
3039
2418
3822
5952
4550
9717
754
638
8173
9551
3515
7577
8203
4849
6545
5561
1361
837
1479
8480
2724
3189
5105
3380
7053
2203
355
8331
1152
8482
5840
7956
7403
2227
3269
8689
2031
1492
9659
2477
9362
5297
7743
7047
1803
7144
6874
2416
3621
2134
9600
4693
6642
2459
8410
5175
1558
3077
4331
1188
4431
1748
6365
6320
7087
8150
52
6510
9415
4703
1778
20
5294
7902
8907
7767
8275
3570
9783
4046
9942
5402
169
5000
3904
3231
556
2411
4591
2976
9364
5492
7089
9409
883
2295
1758
4777
8946
3233
7742
2276
9078
133
5891
6552
2097
1468
666
1755
6182
9508
8517
4850
5532
7346
1017
7625
1845
6634
8006
4302
2442
7744
3266
1723
3670
9730
7273
1605
2394
3152
2078
5351
3833
1109
9233
4116
7217
2910
4537
5344
6373
9378
3322
5482
7019
6085
6401
416
7854
2270
878
5965
859
9614
3453
5539
4702
2584
6095
9445
5831
5547
1151
4484
6201
7283
2113
1015
1875
4590
3113
3979
9686
2213
67
8252
8037
1872
26
1667
3351
7724
7974
7885
8798
8264
7703
3517
236
3853
8258
9408
3888
1359
5225
4205
1700
5728
7682
2726
7551
2556
3920
8272
2551
4497
6700
7654
7907
5801
2592
3283
8004
6447
2391
4222
3523
6717
4457
5249
199
7774
1739
1402
9446
6199
2243
2453
836
1779
1573
4547
671
2582
9907
3061
2579
9138
2933
931
5589
3915
1833
9295
9716
7278
8759
3741
5698
8852
8906
1839
8262
8920
7638
4126
4737
6500
5140
8376
766
305
8847
8750
1520
2517
9557
1060
2832
9254
163
8220
3381
4592
5299
7182
508
5358
7032
5360
10000
5615
8308
6319
4106
3486
574
3581
5503
3937
6386
8747
2946
2577
2601
2036
8123
6822
3426
8336
8519
6852
2983
2879
1702
8443
7026
558
8429
7720
7461
5861
2844
4289
5736
7877
7241
2454
8062
5749
5931
934
2534
7611
2329
6958
8434
2479
714
8683
1935
2092
964
7471
3720
5267
7422
9727
9811
3739
2385
9690
9181
4785
263
2587
5546
9674
3296
8022
9444
8614
3205
9820
9930
3976
7848
9834
7395
8097
2847
1266
7768
5770
9201
1149
1411
7556
7914
1170
1142
4002
5008
54
7039
4288
8366
7381
3090
6150
3934
9252
2417
3693
2596
5496
2044
5236
1528
3889
7262
9512
2127
9684
8909
3118
3129
1193
7722
1595
8813
4887
6354
1074
4683
8003
1898
3034
9072
2226
7291
7176
2369
2540
5604
6132
8140
1922
6178
7329
1743
6581
313
7818
1654
4913
9912
5843
3472
2571
7926
1459
6298
717
2008
9051
7402
6934
330
3488
7452
5527
8597
2822
3873
4561
371
2926
2136
4124
2362
1139
8883
5929
8593
6247
3306
3694
8105
3999
4210
3785
9846
3054
7537
6882
18
5559
6025
5392
5155
2639
9178
173
5787
8438
6533
561
1623
9562
4296
3614
5387
8770
6593
9437
3197
3583
5345
6213
3210
3112
8146
9460
7574
9388
7888
2481
5491
8599
4558
8471
2531
2229
1756
4076
5438
6027
2888
6251
4169
1415
1705
3079
9665
8499
2184
1414
2445
5678
2358
3403
2447
5056
9190
5007
1991
6877
1405
3243
5701
4624
6548
7387
6776
5300
5497
3703
2640
1501
775
6413
8256
4223
3316
7534
2835
6268
481
9680
2772
1599
5166
6833
1958
9652
8175
9010
3906
3607
1229
2221
9864
2197
1114
492
6357
3652
5667
4384
4468
8663
4173
1841
8990
9705
939
9748
3170
1503
7299
6067
4632
8866
7813
6492
7533
2938
8074
9087
9170
4560
9870
9270
6489
9104
6470
2168
4168
2154
6668
5947
5663
7938
9183
2643
9024
7783
5090
5812
6873
8564
3635
8179
7280
9723
4039
9767
257
3014
4114
4485
3086
2966
3416
5151
9239
8126
3298
3774
5971
5959
7274
4068
1463
5567
7124
2552
4551
2155
9068
39
7514
5560
33
8414
8758
1924
5164
7821
3687
1185
6631
4266
3507
333
8369
3498
949
6307
4681
1059
1547
9356
5889
1047
8436
8625
4915
4991
9494
4300
3965
6808
3171
7535
126
275
3924
7267
139
770
874
5261
3025
6011
9498
4372
9793
3288
635
7198
8104
2753
620
2466
8282
7951
8059
3893
3960
4830
8557
1763
1023
1341
9259
5480
6255
3009
3309
8951
3277
2349
8209
7875
1469
5960
8092
8692
5851
8325
1347
8458
4054
6867
4227
8310
321
6186
1483
5855
5060
2858
9605
8132
4213
7640
5763
186
8440
1901
5672
6865
5668
1718
8814
9516
815
9139
3730
9840
9132
9168
2470
3111
2320
1070
7248
9171
322
6622
1642
4231
6996
1640
1613
9721
1111
8237
329
7391
6906
6181
5278
93
8583
8684
8329
8157
9209
7790
9784
3263
2908
3535
250
6214
6162
5687
5305
9242
8611
6121
4189
4898
8052
2207
4301
2405
3977
8540
1976
8824
7316
1969
8161
546
149
62
4725
3012
8448
1406
7641
5089
3998
3253
9390
7738
8634
6572
5279
7758
1549
83
140
9323
8383
5094
1869
655
7508
5092
5574
9506
5096
3903
9007
929
8195
7614
5477
5900
4902
7831
394
2032
3347
7999
2884
8210
676
1461
293
752
7595
994
2264
6486
3962
9774
2483
8735
3942
3212
2120
5696
9401
3016
9264
2211
9176
314
7015
5924
4851
1652
2635
8176
5923
4989
1288
1254
7648
9187
5761
4290
6657
2384
1965
5766
1018
9306
3132
5734
2283
2758
4769
3828
4800
7695
8505
1535
1557
3615
2331
5611
2000
3128
1593
1281
3879
47
5528
940
3812
3022
4866
6483
7045
1787
2989
2627
3531
4093
6693
1562
3006
9709
1525
2975
9634
3372
7357
8189
8892
3418
4982
1136
1165
5073
5819
8118
2988
3584
6639
9901
9771
336
5732
9763
7239
9586
1302
3851
5152
8842
4122
8617
4072
10
3480
9160
342
2809
4360
4901
1101
2599
4174
5071
817
9157
2042
34
7175
2363
9135
8926
5820
6368
4293
2712
4996
7647
9469
946
2532
8136
8817
1041
2658
4100
8602
8672
7794
8612
1160
9891
8513
4000
3600
400
6152
4843
9861
6104
1551
4470
8835
2290
7436
3345
2771
9022
6746
1157
7737
7773
4556
5623
8163
8810
6796
386
5254
4459
8839
4626
1298
1278
7604
8876
4762
9931
6120
9297
3963
348
7031
8393
9394
2648
6627
9613
5032
2706
5418
970
9301
7685
7006
4839
2614
7646
2929
1713
1200
4119
3051
5717
6041
1262
1804
5359
7392
9526
8901
5233
9720
5020
1760
9244
8240
5598
7950
8922
8739
5800
280
1027
3628
6504
9983
25
7062
8574
1928
8649
5437
1073
4637
7048
507
8127
9047
4326
85
2816
5745
9889
7599
373
3396
4554
5620
2458
6340
3839
5810
8863
9578
9802
8569
105
6597
534
7607
3195
6814
316
1244
3320
7017
8221
4654
1051
3331
6764
3444
7753
6029
9250
8411
5302
8524
1331
7487
5724
1539
72
8242
3087
9955
4980
6866
8306
3234
7659
7008
3748
8573
7676
8899
2997
4972
2692
4291
6473
6990
8682
7717
8779
5738
8058
7548
9593
1355
2934
9958
2813
1475
8555
9107
1848
2190
8361
3970
4920
637
9654
7755
3319
5121
2432
8387
976
4368
1598
2663
6837
2079
7459
5042
5614
4555
8309
8615
7018
872
4680
1052
3692
8518
7833
7103
6783
6834
4856
7290
9309
1836
7802
4985
2407
3357
3194
6474
5747
2023
2518
1832
9898
858
959
1454
6372
6559
1491
434
487
6484
5145
8862
9585
3098
2271
6525
4402
5555
6610
5692
4001
5803
7759
4573
3041
4739
6543
1632
5104
1990
8991
5426
4953
9040
123
2740
521
4282
899
3724
2775
8011
5704
7605
7463
4543
488
4332
5695
7071
6306
4035
9096
7148
9689
5721
1344
2330
7425
4369
2522
6677
8010
2266
109
8745
3361
9376
4389
7407
1364
5529
9884
1663
567
2446
2899
1441
1835
3427
3122
6395
8551
8823
3767
8370
3071
1473
4359
9875
7822
4952
7398
1665
8737
9892
926
1223
5830
9561
9325
6038
6334
2782
1028
2533
7812
566
4967
5488
8579
462
1206
4175
202
43
9831
8283
1523
6720
6953
7779
3846
7100
5433
2465
2818
996
7504
2471
4630
6745
4627
1282
2007
8584
5176
1212
8415
8500
1067
3267
1103
8781
1660
5591
8620
5195
6578
2277
6217
205
2390
4904
450
5498
2768
8375
1365
6481
7824
7686
630
9764
2675
117
7889
3821
5697
7195
4345
9091
4639
783
1115
8357
8199
4327
616
9871
9873
3019
2179
7405
7796
6300
5222
879
7143
1974
242
5541
6140
5391
5933
5476
4055
8659
1704
7739
6738
2067
1450
3005
8531
4495
4408
7448
7572
278
5135
2260
4352
9324
7576
5954
4713
7072
5111
4020
880
1677
2165
190
439
9234
6100
802
8778
2311
9129
7251
7084
5958
6708
1123
854
3522
2337
2119
7160
1370
7005
5239
6233
3506
5519
1007
3146
7963
5223
7177
2233
5156
9346
1984
9265
9041
4244
6379
3756
8820
8675
6377
4130
680
4523
5514
6170
2064
6878
7845
9145
5242
577
2528
8353
191
4652
6190
4823
580
1767
1687
4629
6023
9162
6599
4798
9741
5109
5363
5825
7777
166
1433
8287
8492
7082
951
3031
1814
757
5028
6872
4449
2956
2890
6901
985
9607
4837
9133
811
2880
8075
6551
8945
3710
6847
595
6747
3554
2840
4778
7955
5829
9238
9120
4433
3878
4071
2999
6803
674
1905
5637
725
3434
8761
1383
9610
7141
7864
4658
3294
8956
1443
4847
7202
6549
1893
9063
77
7507
1780
1608
4436
9093
6141
6480
9926
4908
5994
9714
895
4787
651
5757
170
201
4498
315
9619
367
5434
3657
9692
1910
7347
1456
1657
6596
2450
9948
7358
7996
7264
7673
5534
9188
4258
5047
1680
812
9554
4209
3021
7663
4893
300
7342
3241
3093
6536
3130
3318
8296
3059
966
2301
1362
6942
7650
1617
4929
9372
5873
2703
4077
5045
3280
2935
6346
7678
9963
643
7544
2632
7219
6861
1058
6142
7225
692
3244
2248
1847
4185
1678
2755
3794
408
7376
7207
1301
8776
461
1033
5691
3658
2379
9317
3400
2924
266
5232
7912
9969
549
6433
695
9595
9050
7295
3887
5066
2743
5927
8640
5443
2293
7187
9996
9312
6557
4259
6623
2021
724
5322
7086
4415
7867
1707
5872
5027
4091
6272
2811
9805
7379
4538
4512
7570
6643
1850
3314
2867
3673
29
5315
5618
9887
7194
5401
9777
9580
24
9258
2763
118
4784
1003
9989
4526
4790
6856
124
5293
5504
5134
3011
4577
7027
9750
3369
5288
7915
4188
5821
9913
259
2279
6739
2501
3315
2101
1133
9678
8796
8585
8768
799
3718
5997
9656
8032
2412
8494
9631
1532
7458
4838
7210
1823
6710
302
6670
3814
3865
7424
806
8764
5292
7842
8514
5304
1379
5179
8566
6848
4956
8653
7199
889
1942
1534
6076
8702
3382
3496
5082
97
8484
6106
8845
3585
4541
9529
1601
2496
6400
593
4324
2354
4634
9537
6770
519
3791
4295
565
793
855
2857
2806
2892
6948
4912
7668
68
1053
7439
4690
915
6612
5380
158
7960
1409
906
662
1806
2054
1388
3256
9708
2126
8870
5038
3174
4304
4697
9196
2792
8312
9370
195
7326
9165
3677
3539
7933
4253
9167
6146
4852
6963
5041
8729
5325
411
4425
8193
6205
1342
2863
1008
8120
7849
4892
7771
3696
3648
2082
7272
2303
4159
1485
204
2022
965
5964
2968
1112
5357
2667
8918
3436
8215
6843
7882
1638
6935
5731
5425
5281
3804
2656
4006
7085
664
5967
274
9438
9882
9453
8960
3458
8716
703
568
4348
1887
8405
1465
6984
2790
2242
9025
91
4649
7517
6754
9099
8748
284
2605
3616
3404
6361
6479
3119
3163
2041
4545
4944
5216
4255
6221
9470
358
6959
4719
5579
5844
804
6031
3768
256
1971
9316
7658
7756
8323
4751
2375
3798
4794
5583
8324
4200
281
2060
2426
5184
2129
1730
1834
3379
9973
9879
1211
9029
9883
5160
6267
9475
5796
7456
5430
7270
1689
9903
2006
3746
7149
1428
5530
1505
9463
2860
2317
6128
9753
1061
7953
8695
7945
9331
7496
5171
1481
7070
1259
4285
5023
1679
1166
6617
5893
6475
7520
2842
4516
5684
9094
3790
1078
9199
103
3362
7063
9478
9632
8811
5910
7216
9854
3487
3343
31
2342
8057
9691
3125
8233
2333
7651
8887
2688
177
8996
6020
6499
5815
5536
3675
6224
9101
7780
8326
2334
684
9742
7165
5432
3219
183
7745
7490
1186
2309
6429
7904
7562
5178
3586
9893
2819
4613
7502
1350
1862
6003
9151
5790
6188
6714
9299
7162
4895
1427
3685
4473
4544
6638
1909
3680
2051
5616
1792
3645
4132
1201
9612
1071
4394
5730
5693
102
7690
1196
3097
7312
9824
3519
2815
2564
850
4742
9863
3026
8598
4962
424
979
3001
2995
4097
5427
3596
4581
7305
6592
6174
6045
2620
4466
6919
2139
3069
95
728
6314
4745
9286
4670
9245
7399
5068
2315
4625
672
5510
1727
3078
7325
6506
9436
7189
476
3816
1257
8968
6118
3620
8727
9131
1054
8582
2537
8465
178
9278
1462
1488
6343
444
2830
2615
5198
6689
3857
9880
6308
8733
7359
9818
2284
792
2399
7856
7010
8624
4268
5774
4464
5648
667
2371
1920
5201
7058
8647
5942
7679
4378
7093
7817
6019
9514
2714
7725
3502
9979
7025
6107
5486
6263
1968
4051
2396
1831
8185
168
8984
1102
4460
735
517
3592
3646
2744
4160
2812
8784
3940
6524
9928
3312
2039
224
758
2121
2678
4675
3465
4696
4791
6582
2062
345
2972
9946
9945
2009
3070
4412
9568
698
5710
8633
5395
8188
2856
3845
2893
75
1556
5390
3994
2576
1537
3850
5206
7282
564
2393
6520
312
2286
2472
4341
2651
8933
7365
5162
9785
7208
165
6147
3224
6931
8100
4049
6151
8792
1315
7051
4131
8297
9927
868
1431
2962
5675
7434
4974
392
1809
3220
5461
6894
877
8239
5782
4970
7441
5165
1945
2141
8497
1446
6006
2464
6253
3931
7637
5764
9994
6103
1737
8138
4771
2593
7684
7857
3405
7971
9483
220
2043
8630
9917
9480
2100
9326
7866
5399
2081
975
3820
1949
6203
1313
4202
3559
9103
7223
7161
1517
7121
2076
9347
2707
1781
3149
2837
2514
9844
2776
2020
1353
2135
2839
7301
7044
6032
6903
2869
6275
3599
2568
5203
2318
8457
2981
1729
9623
8281
3430
3479
4036
9799
6591
8450
7894
5630
1049
8356
6035
9052
9711
7055
2735
5866
6064
4042
3311
888
9862
7043
560
5586
2901
2913
8137
9246
2916
3722
8424
6288
602
843
1238
8431
309
1998
8355
733
2504
3544
5951
8914
3107
4552
2422
6646
863
494
3335
1735
5494
4846
6094
8627
5107
3464
7353
4474
2460
5943
1029
9090
3415
6126
5799
2927
3124
2176
4986
8871
2080
5447
6604
8587
4225
3015
6235
9126
9398
7440
4423
7628
8108
1515
4604
82
3108
1726
4665
9206
539
8639
4506
2230
6044
3501
2492
7870
3289
5119
2645
4273
9397
1650
6416
7220
503
3186
1148
6645
9919
1721
4813
6569
7726
8802
4848
7989
7324
5245
3105
778
4087
8964
6777
7760
8427
1960
5940
4361
4404
6913
1785
1502
2059
6849
287
1896
9451
1645
7126
2429
6946
4958
2497
3552
6098
2251
2965
7409
1684
3989
647
2777
6276
7339
9382
5465
9419
8399
5666
1031
1076
8769
2245
3590
4585
1671
8710
4774
7908
1323
2236
9939
9642
4113
892
8570
4738
3773
8526
2498
4570
5650
8035
6312
7732
614
8365
4037
7918
5607
920
2347
8765
6703
1925
2215
7288
9471
208
7268
4763
4716
1087
3371
2871
8723
1600
7927
2634
514
8591
7901
9567
7832
867
6068
6902
8320
372
3495
5128
5739
171
4456
902
1357
9329
5464
5804
1484
3697
2364
4052
9423
8449
6804
3432
4395
2340
4828
6564
6309
6051
4038
1846
4110
32
1437
5153
1105
2545
3809
9797
3428
5963
7157
1655
9212
4939
6417
6482
6075
9482
8334
1518
6468
7244
4276
6000
3429
1725
1583
5636
3542
864
8416
4153
1026
8728
751
3281
1495
6362
5167
8260
8076
7509
6851
8134
3145
1720
2162
779
9507
7001
7049
8752
1765
4910
3891
1511
691
7593
2469
4886
7511
5063
529
5333
4102
301
5805
2107
346
66
6769
8571
6975
6273
7851
8562
8787
1065
8616
7443
9830
3682
9279
4441
2891
5316
5606
763
2610
6871
3387
6529
1701
6133
215
1999
8400
5270
387
3265
7581
4021
583
7218
3892
286
2083
3829
6840
782
1827
536
3991
1903
46
4871
8388
7313
5208
4569
6462
3948
1788
8444
3961
2103
1768
5079
3367
8818
200
8897
5773
721
7616
1734
8841
7702
5435
3734
6114
1571
1996
4201
3667
678
6015
127
7013
4687
4525
9098
3536
1750
689
4708
7716
1621
7247
9027
9149
7028
8915
7789
3085
5523
8534
304
8872
7965
2757
3800
6444
5012
5277
4783
3761
3161
8595
4414
136
3284
9620
2307
8923
4759
2106
9688
9577
2752
7652
8520
1972
3659
5894
1881
1020
947
5034
7142
7245
5420
7369
5526
2654
5871
1128
961
6060
8101
7692
6829
2145
2767
8020
669
4571
6448
8395
8056
6318
6862
3341
1917
3617
409
3072
3064
6723
5771
745
4152
908
338
1908
3686
9548
7130
7516
2546
3250
4884
1205
1659
1326
5460
459
2210
9367
187
7446
5025
8096
6485
6832
7705
4217
4521
2990
3095
9547
7004
7145
7602
6930
5619
7681
4165
828
955
6261
8461
6590
4471
7485
550
7065
390
9589
3863
9702
6091
4643
4936
4906
7930
8183
7437
1821
4307
7188
7338
3702
4320
833
8147
7417
7580
1569
5512
3024
5554
6049
7302
4916
398
1884
3627
6158
7020
3573
5442
5386
8889
1526
803
1135
6412
11
4440
4567
3120
8367
9016
4170
9953
430
4400
5564
3179
4257
9341
7109
1403
3156
3644
4522
6595
2549
8217
6994
4166
9838
5001
1004
4088
1421
2638
8014
1764
6427
7287
1829
7060
9355
3154
9177
4141
4707
5892
7150
4015
207
8622
2957
5215
2609
234
2180
3550
23
3533
6528
6283
6561
9141
6706
6195
167
8121
9083
9940
6179
2519
1559
4505
363
219
9172
2536
860
1035
1118
1145
9200
1565
3806
2834
5441
7591
8738
3142
6279
8340
8949
6806
5836
3985
9881
4303
6310
4137
4946
8563
7569
5501
5049
4430
4780
1218
2677
3532
2859
4421
9215
2166
7559
227
2360
890
5350
5841
8464
8278
4396
548
1635
458
8576
3895
125
6493
2058
1221
8947
9622
6301
6260
7990
6636
6940
7104
713
8670
9458
4263
9354
433
4836
788
1589
60
2950
3819
3971
9195
5550
5827
5291
5750
2088
4860
1100
6924
2513
8977
1291
3982
5170
6419
9965
5525
1046
14
9765
7900
578
9950
3757
7120
6246
7977
3206
5103
3391
6081
9219
4598
4319
2476
4043
1249
7952
7094
4010
8982
3162
5601
6887
5298
6333
4487
3587
1651
7680
3452
2204
7158
2327
360
1316
6358
3147
4194
2300
5884
4854
9198
5656
2984
7355
2074
6811
5451
8529
1476
7079
298
3424
1222
4243
3817
192
8249
5086
472
6673
5211
6208
7896
6411
3442
8002
6330
5585
7805
7080
8142
9528
930
6768
4731
8638
4969
4909
1231
8504
1375
2570
7898
873
4796
2255
8080
8503
1389
7830
9298
1892
8561
3082
4004
3880
7823
5716
1742
7426
3870
9624
938
4195
809
5572
7958
5814
1436
8389
9739
4206
7024
2509
1385
112
3683
436
9033
1024
6782
2506
8187
2487
6435
7261
4688
5657
3964
3056
1005
1398
8694
3874
2148
3178
2770
3684
477
441
3182
7190
8777
5955
5006
9119
4736
8568
1682
1329
5127
4500
6406
289
6138
4155
9111
8202
5659
2829
8648
9916
5499
8049
6972
9194
9108
838
7763
9403
5487
2668
5439
63
4128
2252
8821
6317
6756
5557
7803
217
900
7539
5552
6999
6088
5990
7097
1724
4050
4983
6048
276
3073
2348
4096
1300
7091
928
7554
8223
9991
9757
5596
4606
3872
681
4401
6974
2181
5414
6798
3339
9552
5549
8166
2967
2209
1256
9057
2373
9257
665
9361
6926
7363
2921
5538
5348
2804
8251
2862
1333
7256
8182
9262
9153
6191
5235
9161
4405
1808
5112
7905
8094
1147
4115
5343
6501
5033
9226
3401
6682
1961
7330
1083
1849
8042
8349
7615
6245
1916
3736
4589
8886
8703
452
5334
3141
8417
42
1773
831
605
6324
1016
1524
8333
1455
4437
1308
2619
8403
3203
5674
5053
5719
122
5271
3497
1900
7473
1824
1332
3630
7860
1926
7343
1448
212
172
4267
6554
6625
6541
5192
5183
3548
3088
4814
2554
1647
470
3183
4595
9759
2745
6407
2672
9461
9318
3935
1125
3249
7787
223
3912
5647
1580
5191
5412
2681
2084
15
2719
7585
7462
2488
4601
3824
9282
6129
7179
2624
1220
3634
9069
5883
1366
5130
7540
1247
910
4089
6228
8705
734
2061
3310
1127
6785
5146
2700
6494
3368
2069
1195
8028
4080
5110
9430
1606
8643
7835
9274
7667
8925
3076
9761
5244
6359
6765
4366
3260
3092
1097
2262
1425
6289
9715
5772
2733
9729
7582
6701
9211
5784
2195
5644
942
7749
5470
4668
2801
9549
3137
5318
2108
9794
8218
6215
1095
7872
8230
6175
9556
6367
9860
8525
1979
6652
9307
1911
3974
8456
6553
5490
1891
465
7344
4211
3302
4286
2993
1224
7986
991
4328
780
2201
2661
4325
5385
1828
7772
325
376
5856
1449
3398
3723
4056
2183
7959
6369
3279
3708
2365
2875
932
4146
5845
2376
7384
4888
8895
2710
2960
9658
1499
3990
27
1014
9990
7023
4426
9071
7560
1856
4584
1494
498
6911
8701
7335
9467
4664
5930
1822
3875
9795
9169
4588
9021
8528
922
6073
4903
853
137
2795
3789
76
431
1077
475
3951
5713
9220
2224
2040
9533
4250
9023
6056
7385
7204
3454
1587
4261
6222
5590
4265
2978
6086
5850
5969
3669
5088
7438
6647
1001
7052
8565
2952
1297
5142
3808
7309
5382
1696
3598
625
4031
9751
5138
9888
4270
3712
9271
1931
2234
5903
2622
4240
4684
8744
8924
206
5329
1430
1242
7547
6403
4450
2324
3191
1964
4951
7077
5136
8987
5629
3647
9701
613
5945
6050
7057
1883
5902
3252
9544
6116
9997
5338
3837
2421
7129
8151
8167
3399
5372
3759
3323
1447
9801
7881
4744
6087
8483
7240
7906
1507
875
7466
5920
4700
506
8966
3753
1542
361
2027
1790
4678
5582
3202
9679
3080
9849
2091
8315
7711
4528
2151
772
4861
4519
3435
2882
5484
2473
2580
1745
5733
4548
9227
9724
4017
1791
5310
7975
2346
7404
632
1624
4343
497
2756
5101
6893
6786
3055
8169
5879
4973
6775
2567
8921
1158
1334
5471
4808
4439
4941
2720
4411
6385
3783
6244
4977
7388
968
6030
4351
5798
5331
6230
9933
7899
9980
7766
3815
9442
6187
4698
7296
6154
3275
7468
5553
3803
4890
9681
3576
1327
2603
2199
2953
3618
4090
6351
4797
623
4587
4172
6725
7014
2257
3632
5777
2383
81
6227
2191
9725
927
9947
8607
4322
9231
5189
1866
6929
7445
6567
7191
7785
5511
8468
6690
6047
1585
8940
4615
7937
1932
8867
8874
8753
3221
3482
747
3793
5330
2389
297
7350
3431
4419
8087
8789
4540
896
4198
5472
4387
7573
5518
4413
8680
6069
8552
1442
272
2269
824
6496
1614
3358
2618
59
7782
5337
7433
777
8428
4593
135
4965
9224
4221
3795
3707
7136
5705
9597
8498
9128
8012
9085
894
3563
4178
1124
141
6112
881
9798
5524
2345
3619
5341
6666
4896
2646
5031
4480
8981
9391
8305
4317
1104
4597
7481
956
4619
8194
9896
5885
6164
846
9124
4443
8816
2961
9074
2325
9738
6641
2749
1106
4350
1609
1
4514
4810
382
2649
7612
6490
5686
5726
742
1889
3978
6052
4875
9807
3213
2897
9596
604
294
9266
9796
6242
8690
2011
4129
4553
8322
142
7799
4478
184
1393
6009
8088
8107
2780
3572
8159
4799
3081
957
1882
7674
1897
8954
2573
6136
5272
7519
3947
5711
1646
7565
1749
7730
8420
9459
499
6053
2096
7484
2683
3754
5936
6956
1921
6430
9406
4469
3900
3232
8439
8893
5087
6252
9474
7801
5423
4650
2124
6608
5995
7578
4881
1471
3509
9967
5834
8381
7642
4109
7254
4176
9616
2793
9006
7286
5227
9781
6799
640
9848
7525
5264
9043
1795
5962
2998
440
7993
2449
1210
4241
3704
3726
290
1771
7489
849
7630
1330
8962
9490
3660
5941
9876
9448
2555
9640
4938
2516
6099
5741
9292
7734
2
5286
1376
3003
9671
8227
8374
9276
9563
9521
6270
6461
5789
6628
835
3499
6184
6059
6579
8989
1345
8197
3029
7748
9061
249
8212
4711
5485
7776
5563
4795
2357
5531
6277
3417
8730
4427
1250
4882
4027
2116
3643
4660
3412
2047
7370
857
9803
2395
2222
4298
9754
6802
8600
2512
6313
9294
6949
7523
3932
8419
1381
2070
9673
4699
9722
1438
5113
3622
7226
2336
8432
466
7884
5571
4467
2386
9049
8141
2542
5154
3299
2868
2172
100
4490
265
5052
2730
9387
7400
5775
8435
3908
5078
1698
337
5676
9205
7596
916
8153
2914
4003
1146
3352
3160
8299
8332
7629
2037
2142
3992
8958
2585
2821
9501
6570
2680
1082
8030
9125
7003
963
9492
2474
460
7988
3993
6900
2873
4238
5715
1122
1591
9540
7411
2653
6755
847
8116
1777
5369
5285
5556
255
3470
3447
1394
1653
2297
5756
3700
4191
2326
753
4765
866
693
6511
4390
841
8047
9427
9968
7887
4734
5846
5921
1634
6702
6885
6344
4342
2909
9900
5822
1418
6880
6391
8005
3818
7173
4333
6497
7352
7800
7321
9088
6518
4362
2480
1692
7105
6665
3478
7879
9886
7209
8952
9756
924
8884
1946
555
1163
8412
1284
6962
9630
9117
8460
8827
9013
8800
1320
6254
1694
4961
1130
5624
1493
5720
7922
3681
6507
5658
7483
1176
5522
7528
4602
397
7621
2440
2631
8235
8998
8521
1603
2805
600
3749
2063
3605
3139
2102
967
1096
5177
7133
6388
347
5403
5566
2841
6812
901
9961
8396
9825
9949
7106
7030
590
2931
805
455
9449
6574
7931
9039
5381
6653
3476
4182
4297
3701
6093
1676
4357
3656
5072
5221
2147
5752
5899
2673
1217
5993
3885
8015
6921
5173
6169
5685
2133
3007
2932
8507
2527
8466
6909
5886
3409
9641
3328
9559
6220
5317
9360
6705
8191
5517
4041
4885
2539
6266
827
1994
1637
9743
1039
989
38
8303
1633
2444
4142
110
3248
765
6816
3166
7991
7367
311
9288
5665
9899
6656
5213
9218
8608
2736
1555
2915
7410
8664
6399
5370
8696
8959
6722
2876
4060
2350
2428
2304
175
8139
9902
4220
1412
8693
6460
762
443
7203
4618
3625
826
6696
4842
64
3984
8122
2104
6951
1387
80
4418
6839
8875
5115
9015
1169
9827
1390
8425
92
6537
6576
1668
839
1732
7979
7192
2178
7670
4531
391
3973
4391
273
1584
6062
3481
4917
1948
6070
8061
9184
2402
7284
7752
4923
8352
7727
582
3200
1368
1801
8848
9836
6008
4262
4935
9079
6286
3775
8125
7147
3414
3317
1992
5613
7735
6957
6491
3383
5584
7117
153
4806
708
9377
962
2174
5628
4723
1937
7761
1182
3297
9004
8838
1541
7837
3176
3096
9736
8873
4594
4237
8385
6398
658
2898
4477
882
5202
4218
6072
5040
8295
9371
2225
4718
6731
6961
8668
5706
6859
893
9407
6945
1248
9510
8708
3766
156
1967
3094
7920
6917
3407
3198
3813
6860
4832
5781
6515
9675
1050
6825
3285
7115
6779
1305
9065
9667
6287
8891
2900
2265
8382
7765
8882
2312
7949
7285
5224
7277
1868
3374
9770
2377
4024
6789
5709
4891
5085
8795
4274
5159
8724
7421
1508
1240
5533
3732
5506
4234
7820
6271
4353
8809
5791
1303
4542
1985
7970
56
1574
2132
362
5568
159
9639
7997
5580
3939
5788
3449
3553
1516
8944
6172
6331
4151
5003
5393
5634
2012
4603
5182
8026
6868
1241
4971
146
8722
8472
6079
2441
4287
3333
5069
7390
8943
3698
6694
711
5481
2024
3764
7314
7016
7318
715
2200
1156
4821
7873
2559
1314
8934
4475
6432
5852
3048
4582
3215
9976
3847
7893
3239
6807
5143
6912
482
3489
2664
3528
3355
6153
4867
7793
1407
3869
4997
277
4549
7530
8681
3083
4616
6619
9192
7494
1546
9439
2073
2004
1628
1695
1209
1711
8927
9647
2823
5544
1981
7617
3508
6740
9489
8558
9872
6640
1089
2843
8736
9649
2160
6360
7656
870
4157
750
5660
2508
6751
5594
7332
2438
8586
2486
4044
4399
7064
1413
3780
1056
5311
3526
8390
451
6838
7125
4462
6741
1978
8048
1116
3268
1854
5858
540
7378
8168
48
2689
6371
9166
3257
7474
5983
4271
9762
4605
8667
1793
5327
4572
45
686
6884
6724
6519
5204
4995
3579
8879
8902
2600
2853
2881
8257
1265
6980
609
6864
7460
6438
8985
6192
8988
1079
5605
9698
1626
9281
8079
4926
6573
1843
5354
1977
4508
5832
1189
8580
7644
9102
3841
6096
4283
8453
1530
5938
3151
5234
9163
5537
1582
2994
3133
4229
2586
5792
6684
5212
9921
2737
8351
5975
5445
543
3760
2035
4458
1622
9566
5332
7495
5346
8644
5308
3884
6678
9590
4826
2781
7911
615
2838
9275
4314
8044
8877
2456
832
6243
9662
1328
6274
6513
3611
6973
8669
8719
6130
3626
5241
5980
7701
4081
7427
2128
9338
3719
8270
1215
7499
4008
3762
5416
4281
9036
3714
9766
3958
8354
4365
5361
7035
6304
1432
8963
606
9904
425
1299
7361
6733
4993
3894
5383
3770
5913
114
7263
4489
8216
3799
7419
3832
2437
1815
1192
296
2578
8207
9251
8993
2674
5842
7213
597
4248
7255
9114
5783
2114
2589
7308
7154
3008
2028
6143
9434
1490
7475
7675
3020
402
5259
1506
8314
9560
3688
6583
7677
6212
374
5603
9617
3370
2322
8445
471
2886
1649
4059
5917
8408
9155
464
3254
3491
8479
1234
5888
9075
4406
3594
4134
7855
851
6384
7416
5748
9518
829
6607
7944
8250
933
36
4029
5064
9435
814
28
4147
4329
6007
8343
4355
1384
9009
5388
4672
3569
9531
4844
8043
988
9440
2626
3134
8756
1226
8803
8318
6998
1429
2550
7046
9189
9375
3117
9697
449
9457
7608
1420
6978
6437
1373
7775
2696
5384
9118
8228
9570
8098
5610
5022
1840
4527
7828
9150
862
9964
5926
2238
6830
2611
5197
2980
9048
5576
2339
796
3883
9685
9841
8071
3580
4133
9525
8055
5374
3755
4694
5911
6637
9664
8131
743
8036
7865
2727
486
4647
5712
4065
9322
5263
8407
4819
9787
2033
7242
6236
2247
2319
2594
9858
4876
3485
5839
6219
1708
9915
5349
261
5602
3745
4284
267
997
5238
1973
3451
3946
3721
5909
3504
6817
4879
3121
7946
6532
4880
8734
1716
5095
2617
1975
4078
9541
335
4070
748
3830
1435
1063
5144
4792
3036
2971
9865
1032
353
3717
457
6171
9267
3304
5126
6363
3902
437
1817
2581
1512
4829
4533
5640
502
2520
3568
446
3565
2356
4889
6021
9676
9304
2431
1472
7709
9866
3169
8115
4075
5220
2784
4183
4127
3301
2397
4845
327
6065
3597
6284
6555
4107
5694
6226
9456
4111
842
2144
5080
3272
3350
7323
1069
5779
3305
6766
7340
253
1119
4621
6950
8379
8749
8226
5147
6988
5505
399
9992
562
4925
1134
7995
467
9473
2650
8711
2798
6278
8046
3445
3577
944
1738
2457
649
7354
746
1416
9191
7184
8397
4340
1895
2597
8154
7863
4859
9959
4754
7729
1664
9207
7699
8538
3067
4862
2159
6043
8144
1252
8938
7868
1586
3461
8767
518
9603
8523
8797
2866
3207
6204
4435
1933
9982
589
7522
4633
8549
7444
4363
61
6046
7567
2774
4393
5181
710
228
909
3651
3384
2951
1006
8328
7232
1644
7166
2485
3909
5516
9290
5957
326
5342
6891
2137
8910
3035
4833
2877
6538
2907
3765
3589
3728
6977
5816
4503
1090
9918
5881
2323
9972
7258
5723
2761
8172
3842
4007
5708
1913
4611
182
8656
2723
5824
1086
8846
737
5652
5301
5987
3831
4599
9890
9210
1000
4669
6173
1807
3996
6259
6257
7498
1408
3545
4279
8206
2018
9221
1722
6168
648
533
3459
16
7431
7319
6556
4701
3955
9855
2789
241
5169
4872
9142
2747
2778
619
8054
9499
8124
1312
