135
877
593
967
617
221
20
950
481
303
988
744
39
621
404
829
297
240
796
577
823
755
485
574
374
276
247
497
296
138
10
429
189
6
332
226
826
618
424
720
955
335
632
281
770
319
811
990
948
99
655
116
391
208
415
892
533
465
703
431
865
86
133
139
263
922
137
657
280
377
989
519
668
470
725
434
370
235
443
238
814
254
623
995
106
364
735
732
73
398
994
213
919
406
407
5
330
275
835
794
43
217
889
589
996
582
702
778
9
209
74
584
594
491
317
639
999
375
564
12
641
108
28
925
846
991
697
884
92
400
122
963
345
504
860
603
818
688
420
341
767
790
293
323
334
268
232
986
819
316
225
947
101
249
261
982
705
675
23
401
797
191
373
718
378
181
707
356
348
234
82
520
517
37
309
501
220
698
592
567
7
915
386
906
183
173
942
40
791
804
449
448
34
278
384
935
13
635
219
423
369
899
257
612
239
279
587
911
474
178
462
956
586
514
719
313
88
926
757
436
554
673
951
923
446
354
58
165
414
742
502
745
435
799
914
762
447
628
212
969
459
771
856
77
299
203
81
828
422
326
551
981
998
169
155
591
907
751
530
710
228
454
730
222
727
709
90
563
472
809
14
188
672
444
681
842
866
944
487
207
451
812
513
611
192
938
764
256
418
396
343
186
521
576
102
302
902
179
290
886
882
150
250
438
653
282
262
397
747
403
143
908
851
557
516
997
71
123
147
157
949
782
731
540
230
437
57
932
160
543
839
583
458
890
98
615
824
841
734
399
920
643
156
327
598
660
289
41
569
196
596
359
387
545
69
66
559
833
124
151
475
453
91
795
365
547
322
758
945
910
368
518
696
161
822
931
546
813
460
894
943
779
652
166
215
880
29
873
478
580
561
638
864
634
964
357
495
253
921
680
927
571
729
259
336
748
665
606
761
637
324
33
38
258
754
774
870
36
498
716
662
42
4
419
820
711
154
164
355
284
905
684
146
126
959
107
620
763
666
114
134
494
315
752
844
440
683
590
721
127
602
746
626
978
295
141
103
318
476
452
815
118
383
245
381
325
307
843
609
484
59
162
15
792
536
798
105
599
913
664
273
308
27
578
177
361
229
85
933
537
121
243
75
616
970
294
130
200
194
898
277
109
329
496
267
613
395
619
740
783
924
837
427
712
636
550
883
624
979
142
859
548
287
686
49
704
700
480
60
185
385
912
936
508
184
830
869
984
854
144
175
505
499
588
51
270
413
468
958
784
347
733
737
793
852
210
488
714
473
968
692
174
566
104
362
31
534
140
22
393
549
95
25
1000
802
850
24
738
897
769
985
625
801
67
678
21
394
227
30
48
539
411
321
218
70
538
432
772
260
351
389
456
649
515
223
113
11
523
601
68
962
579
608
847
206
527
163
44
216
372
158
83
337
428
291
84
971
595
848
376
35
159
868
111
867
199
380
808
445
682
204
669
937
858
736
800
887
522
633
464
629
857
441
310
722
129
650
756
417
408
507
512
274
482
349
87
197
642
891
973
946
558
853
934
597
402
667
283
827
503
627
149
211
693
52
872
457
980
724
900
271
780
699
904
663
167
176
94
952
691
552
630
148
180
930
198
236
100
805
807
670
993
346
8
739
467
61
836
939
775
190
339
695
16
600
525
461
50
304
19
614
340
875
717
896
940
726
490
272
526
957
117
486
170
676
961
785
888
855
65
379
342
713
671
1
976
251
607
469
701
715
205
172
328
765
661
555
45
510
605
821
645
535
430
131
863
333
46
832
773
182
500
412
187
878
862
152
511
409
895
360
425
553
132
195
477
749
471
410
78
305
753
581
405
79
120
483
18
80
901
72
766
677
610
509
298
352
76
874
306
145
492
489
568
760
648
776
338
244
479
816
350
651
312
728
528
871
640
631
320
301
115
265
689
241
685
426
53
928
656
506
89
658
787
3
885
647
363
974
845
214
266
972
840
128
47
544
171
493
255
455
893
112
252
929
654
64
524
532
706
690
849
750
941
768
54
416
246
953
960
93
975
965
358
741
644
285
803
292
570
674
193
777
269
531
242
806
463
421
966
585
879
556
659
987
17
881
687
861
759
541
390
992
233
562
96
788
388
876
392
97
560
331
371
646
622
909
529
231
136
903
679
708
382
918
110
442
983
917
604
838
572
450
977
311
366
781
2
119
954
786
288
55
367
573
300
201
433
789
466
63
439
153
542
817
237
825
168
916
125
575
32
202
286
831
56
224
353
314
344
694
248
810
743
264
723
565
62
26
834
