112
1716
1773
1294
1809
1217
1607
763
1275
618
194
919
776
1304
1414
1316
1799
1066
1178
106
1231
715
418
415
720
1296
1726
1080
1919
926
1621
1456
219
183
1776
1532
1910
1048
1820
1374
1330
96
42
1725
936
1320
1720
386
1260
1240
1094
1618
1757
1608
595
1614
1107
1859
1183
1790
1083
1418
160
157
493
1815
195
1388
1415
228
1830
869
1884
414
1278
1591
992
818
1934
1050
837
348
580
643
1723
1150
1702
1366
87
427
905
573
1494
1835
901
135
1262
917
56
797
5
180
190
868
947
296
122
1727
1760
1242
1272
489
721
47
584
551
1742
321
860
274
81
999
451
211
1108
995
1763
525
1969
1106
1686
38
1821
1175
1073
1424
637
800
276
871
1525
202
1932
1732
1515
1796
1354
1270
439
745
808
353
960
711
1310
1927
1208
1412
672
944
176
1753
413
1714
961
1077
1697
491
1432
878
564
1712
752
1535
171
115
1924
830
1685
316
430
372
248
1748
1652
1638
145
73
607
43
532
1839
1162
336
247
1407
1042
450
922
36
1797
1184
924
253
1492
669
127
1556
893
571
1836
125
1382
1098
1321
1844
1622
593
1782
792
1576
1601
21
1266
497
1269
1653
1009
1695
1401
1518
1682
1810
420
1929
684
1558
1149
477
1612
23
1536
899
294
373
874
426
894
1496
1131
335
1930
481
308
1667
1566
1429
281
1862
1706
26
148
1537
1063
1729
1246
193
544
1195
368
55
156
569
1801
213
1167
1943
794
54
879
108
187
254
891
1944
693
589
1177
1185
908
1906
1987
528
1881
1980
1384
1018
503
1908
1948
1956
587
575
1879
1784
1024
1046
1549
1779
329
1196
1837
996
951
817
1134
896
179
524
1942
1340
619
1133
1115
964
1309
1759
634
847
231
1626
1163
1176
72
1171
1728
1489
273
567
120
923
781
315
982
779
1656
1709
173
166
956
1853
1825
654
217
855
1623
250
301
1237
736
169
344
75
1155
768
1239
1032
746
690
89
990
1355
1043
594
1474
1369
875
664
1002
140
287
548
1058
729
298
462
973
1746
733
16
547
357
1188
716
1592
1689
1915
304
76
1997
1413
1767
1577
1673
1104
454
1244
252
1078
1808
1628
282
610
1562
698
105
1128
655
50
713
1994
448
238
328
939
442
1154
13
1856
1293
841
84
1291
307
1375
82
1635
302
1070
407
757
804
1287
1545
1022
694
1151
1243
706
732
646
1255
1055
1365
731
648
1834
486
314
284
1722
1423
1585
872
1455
1940
265
742
1597
1995
563
898
1789
305
846
1454
983
1422
1710
408
1880
343
1157
707
498
1671
605
1587
366
1511
1570
1450
1061
920
351
895
339
1345
1679
341
1091
495
191
1903
505
356
828
83
345
1147
1075
1959
239
1211
1751
181
189
1855
1865
533
1501
382
638
1990
1503
554
1721
1766
79
511
1295
1780
1140
1160
101
529
1210
579
1639
416
162
1462
1012
1376
1403
709
788
1829
1069
1691
267
504
1306
1358
907
647
880
1434
466
1490
1445
1421
1349
245
758
201
1806
1962
1425
1271
1166
1460
1288
1831
839
1894
811
1792
32
1481
1062
223
1290
1840
443
1642
263
1298
1212
1866
857
750
1579
550
1216
1410
1781
347
1629
555
1975
88
546
1263
1472
186
222
1646
726
1285
823
1156
1817
1976
1395
1658
844
1636
398
1851
842
425
394
1016
64
513
310
1381
1341
1426
635
1848
1774
313
1897
760
1199
1922
984
1981
1603
332
197
1950
1123
1332
146
1551
1778
629
429
946
482
539
126
1688
988
1911
410
863
405
941
376
1396
1379
1038
467
1486
8
80
1989
1205
1949
159
865
1955
461
1475
1409
1079
1786
890
756
1459
300
631
1670
1755
1857
210
1228
323
1983
856
1322
458
244
100
460
799
540
411
1452
1563
1528
501
1517
2000
1082
1328
1301
753
1569
1741
1361
104
870
262
657
232
971
1030
1367
1882
363
1442
802
523
854
1694
774
1634
227
30
814
755
754
293
1119
1037
1258
1854
1899
537
1113
668
730
488
751
1443
1096
1109
963
1843
1936
848
78
1902
1500
1891
1926
1803
121
109
1957
1973
914
111
1146
975
151
1394
66
214
1534
1313
456
1833
365
1606
1828
255
1129
1357
1478
168
1164
640
167
1204
1267
1076
20
1849
22
326
1744
719
689
1110
1807
543
1398
835
1974
330
562
161
980
900
1550
1813
1125
507
424
1491
200
1036
271
1982
801
1200
1045
1089
1120
1889
141
998
185
1819
360
318
392
1971
206
1530
1404
653
666
150
1617
1531
1595
1031
1935
866
1095
1731
212
1991
86
885
1599
624
1677
149
285
881
1805
153
1785
1276
1118
969
1573
882
123
813
107
1719
1669
1170
1524
724
215
699
1117
1172
1665
1984
873
708
994
888
1643
1189
269
628
445
509
834
1704
785
136
1560
1609
1324
1542
906
468
1213
1222
660
1139
472
613
1752
1093
12
1299
1068
1693
1085
476
464
1499
1896
440
989
552
1644
1405
1487
1198
1846
1945
1852
177
1419
521
553
1059
962
1060
1071
208
867
1561
266
787
929
1064
1552
1250
346
820
1402
1003
1033
93
35
1286
1325
99
1680
1428
95
1818
1804
935
1359
942
388
389
1703
1126
1918
283
1630
604
494
1761
832
438
1387
931
46
1886
1215
1307
1519
1739
937
904
1331
836
741
1999
241
278
966
803
1356
1132
1588
1457
1352
338
681
1142
61
1938
621
370
740
1651
727
1701
1464
701
1314
1187
403
1257
74
229
1047
1323
1248
542
627
1698
1571
1090
688
568
1522
819
921
484
155
1253
299
475
1274
858
275
912
581
608
1858
94
1206
465
1870
651
1234
1268
603
143
1699
805
226
277
1887
1512
1923
748
712
1225
24
1707
45
1476
1823
1538
738
174
1054
77
1864
1232
1161
1860
251
1497
1654
978
1861
1888
1800
598
1493
1241
1342
1430
717
574
518
826
658
390
352
1611
883
1978
1373
1521
480
1081
1912
577
861
1311
536
473
1555
1565
1479
1105
53
1657
419
60
1520
1749
441
824
1905
1802
1624
393
52
203
676
515
1604
421
1463
1827
1013
1265
786
138
1192
132
795
25
446
1039
1040
1979
1406
1153
1019
1021
483
1100
775
17
1963
630
1747
1259
902
117
1647
959
31
1724
1025
1397
840
1280
933
1970
1233
517
1008
784
432
15
422
1124
1111
1092
385
1627
692
1190
1676
237
290
722
1135
979
331
378
1811
342
1812
1660
1510
930
806
1993
743
620
927
1393
1488
838
910
1465
1467
1051
355
1548
663
1383
845
1279
1745
892
859
113
678
1841
1711
1649
130
1273
1586
1440
1026
1832
1717
1877
1350
782
771
1620
1001
531
119
560
1850
798
1872
1023
1483
1461
1224
1004
625
1600
1297
769
1952
1256
1326
723
1245
449
1738
766
796
1953
114
199
1158
778
718
1683
1191
1666
1616
1661
1027
246
362
948
1435
1427
759
1772
1194
1544
1165
303
1227
1448
322
1439
1633
710
864
687
1000
1505
974
192
822
257
131
1343
319
1446
1734
453
1951
652
1335
662
645
862
1005
833
397
402
739
358
1675
1718
876
1547
48
777
981
1540
938
175
1067
1529
1901
1824
4
596
1765
534
1541
1034
1348
500
1589
1574
590
1437
1968
1916
1372
1582
1508
682
566
599
761
399
1590
1029
1909
387
1768
1613
1795
1143
14
457
256
909
444
558
27
1708
1209
526
770
685
401
1885
1961
1312
519
793
572
1207
1941
1498
1353
970
286
1431
1509
354
1319
1254
51
1014
1878
1344
849
945
1360
1302
485
825
1084
391
379
1925
67
1845
918
1743
1447
1605
985
34
1914
642
1226
1152
1219
588
1057
243
1277
549
235
1610
1145
617
623
1370
650
204
340
1526
496
556
680
295
18
1283
827
1041
1444
1221
1180
1438
404
744
1052
198
512
565
1816
1264
1637
1203
1229
641
1777
400
1764
1102
40
1074
144
1086
767
423
260
679
1441
1451
831
1449
264
1678
986
1169
1186
815
1907
1017
412
371
950
1992
216
9
661
1010
92
1235
137
435
790
1740
783
1996
1197
764
1842
1874
1390
1575
789
361
1645
691
1913
65
1687
39
1420
780
702
312
1788
311
1770
28
474
69
1625
1380
1201
1572
62
172
1581
1336
478
1553
1516
337
364
224
1584
1735
773
19
1681
1223
972
209
1715
1650
1220
1947
90
1303
1985
1363
350
7
704
649
1485
514
1477
11
695
673
747
639
1567
207
1662
1514
317
1931
955
1015
1895
943
851
913
1598
1631
236
1958
993
1317
1116
1181
1377
1977
1174
916
147
359
1939
1954
1411
1737
1756
1690
98
1392
431
1391
1692
1338
455
225
1504
1469
578
1583
1011
1640
1593
559
686
1130
37
1378
240
1028
592
1458
1705
1946
1758
502
903
530
1315
1527
220
259
1127
1822
821
853
1883
622
829
626
765
178
632
1141
1238
576
1867
601
1988
1596
1700
184
406
1602
952
1168
1006
737
279
940
1173
1684
1771
1775
520
812
349
258
1546
1202
585
843
1900
1351
367
1122
1281
659
506
1733
1339
1252
976
1668
852
437
1502
1713
1193
583
714
320
877
887
479
1218
677
1869
977
417
816
29
1863
3
1495
510
703
1750
1103
128
188
911
124
102
1289
182
409
1137
270
1798
71
1044
1674
59
1568
734
616
268
1769
1484
1875
1214
1998
1506
154
1933
470
1305
158
541
309
1966
665
142
609
705
1507
44
675
696
6
1871
656
561
205
1399
1346
1261
991
1928
1559
63
735
377
1334
459
1523
749
965
306
1121
586
1736
1838
1072
1615
291
1236
288
170
118
97
1794
897
958
1433
1417
932
1007
1329
1893
103
1648
602
333
934
1960
1655
949
582
1730
591
49
110
1876
1791
218
967
196
1364
327
1035
925
1385
292
1539
1159
164
463
1053
1065
242
1473
1482
1890
1249
1557
152
428
1327
1920
1284
809
1389
1659
1917
1543
508
1793
383
1619
1386
261
2
697
41
1318
70
1400
1308
1416
1480
384
612
644
997
1868
545
1099
1847
1251
165
670
1663
527
667
1468
1088
436
557
1049
68
233
968
1921
597
889
134
280
1554
129
791
297
1282
700
469
683
33
1362
1641
1898
447
1513
10
728
1182
1300
1087
490
1408
1333
1453
810
928
133
1826
772
915
1368
636
163
1564
606
1148
1
230
1594
1470
139
1144
1138
334
499
1937
957
1972
1672
1578
1436
487
611
633
380
374
91
1986
1892
1664
234
1097
434
471
614
516
249
1371
1873
1964
324
671
725
1179
433
762
1904
452
807
492
396
1020
1292
1337
1466
369
1696
116
1783
953
375
600
1632
1230
1471
325
1787
1347
1136
1754
570
272
954
522
987
395
1056
535
886
850
674
1965
538
57
221
1580
289
1101
1762
615
1814
1247
1114
58
884
1533
1112
381
85
1967
